glove_model.0.weight: tensor([[ 0.0298, -0.0658,  0.0605,  ...,  0.0502, -0.0542,  0.0870],
        [ 0.0214,  0.0128,  0.0803,  ...,  0.0935, -0.0539, -0.0446],
        [-0.0715, -0.0436, -0.0542,  ..., -0.0538, -0.0107, -0.0046],
        ...,
        [ 0.0881,  0.0908,  0.0959,  ...,  0.0145,  0.0356, -0.0107],
        [ 0.0510,  0.0361, -0.0887,  ...,  0.0143,  0.0309, -0.0893],
        [ 0.0688, -0.0022,  0.0771,  ...,  0.0758,  0.0437, -0.0215]],
       device='mps:0')
glove_model.0.bias: tensor([-2.7984e-02,  7.0572e-05,  6.3542e-02,  9.3960e-02,  1.8318e-02,
         6.4591e-02,  5.6941e-02,  6.5806e-02, -4.3068e-02,  7.1693e-02,
        -9.0490e-02, -7.1219e-02,  2.0091e-02, -3.8914e-02,  7.6727e-02,
        -7.2240e-02,  7.8803e-02,  3.5911e-03,  2.8758e-02,  8.4486e-02,
        -8.9051e-02, -6.3103e-02, -4.7172e-03, -2.9326e-02,  6.5794e-02,
         5.1939e-03, -7.2916e-02,  4.5827e-02, -8.3907e-02, -8.8112e-02,
        -1.4762e-02, -7.8084e-02,  8.4558e-02, -9.0926e-02, -5.2477e-02,
        -6.8200e-02, -3.8038e-02,  6.3191e-02,  6.7423e-02, -5.7349e-02,
         3.7245e-02, -4.1942e-02, -8.3048e-03,  6.5201e-02, -1.5588e-02,
         3.7621e-02,  7.1756e-02,  6.2667e-02, -4.7988e-02, -7.1211e-02,
         1.6960e-03,  3.1532e-02, -4.3123e-02, -1.0960e-02, -7.7964e-02,
         4.7302e-02,  4.3259e-02, -3.4215e-02, -9.8485e-02, -7.7631e-02,
        -3.0064e-02, -5.5959e-03, -7.1342e-02, -5.2806e-02], device='mps:0')
glove_model.2.weight: tensor([[ 0.0384, -0.0010, -0.0219,  ...,  0.0515, -0.1009, -0.0002],
        [ 0.0045, -0.0468, -0.1208,  ...,  0.0582,  0.0859, -0.0529],
        [ 0.0071,  0.0809,  0.0660,  ..., -0.0799,  0.0465, -0.0420],
        ...,
        [ 0.0933, -0.0486, -0.0477,  ..., -0.0283,  0.0564,  0.1191],
        [-0.0028, -0.0630, -0.0544,  ..., -0.0316, -0.0033, -0.0043],
        [ 0.0792,  0.0163, -0.1247,  ..., -0.0104,  0.0450,  0.0879]],
       device='mps:0')
glove_model.2.bias: tensor([-0.0880, -0.1201,  0.0018,  0.0839, -0.1180, -0.0282,  0.0924,  0.0388,
        -0.0294, -0.1205,  0.0552,  0.0072, -0.0657, -0.0442, -0.1114,  0.1185,
        -0.0063,  0.0457, -0.0924, -0.0604, -0.1121, -0.0297,  0.0338, -0.0810,
        -0.0119, -0.0636,  0.0024, -0.0799, -0.0591, -0.0958, -0.0179, -0.1015],
       device='mps:0')
glove_model.4.weight: tensor([[ 0.0822,  0.0762,  0.0151,  0.0345,  0.0335,  0.0696, -0.0267,  0.1138,
          0.1377, -0.0846, -0.1126,  0.1064, -0.1469,  0.0833,  0.1343, -0.0651,
         -0.1421, -0.0845, -0.1030, -0.0899,  0.0704, -0.0071, -0.1416,  0.1569,
         -0.0208,  0.0574,  0.0127, -0.0941, -0.1598, -0.0840, -0.0594,  0.1041],
        [-0.1310,  0.1567,  0.0252, -0.1736,  0.0930,  0.0552,  0.1256,  0.1116,
          0.0171,  0.1127,  0.1470,  0.0600, -0.0472, -0.0612, -0.0933, -0.0365,
         -0.1392,  0.0659,  0.0334,  0.1202, -0.0151,  0.1370,  0.0311, -0.0531,
         -0.1537,  0.1609, -0.1386, -0.1095,  0.0197,  0.0475,  0.0455,  0.1467],
        [ 0.1636, -0.1325, -0.0098, -0.1020, -0.0998,  0.0883,  0.0805,  0.1248,
         -0.0804, -0.0761,  0.1440,  0.1017, -0.1197, -0.1128,  0.1607,  0.1093,
          0.0626, -0.0507, -0.1571, -0.0553, -0.0197, -0.0085, -0.0179, -0.0110,
         -0.0676, -0.1673,  0.1116,  0.0391,  0.0574, -0.0534,  0.1526,  0.0172],
        [-0.0099, -0.1095,  0.1217, -0.0248, -0.1058, -0.0578, -0.0155, -0.0641,
          0.0013,  0.1215, -0.0800,  0.0530,  0.1704,  0.1059,  0.1248, -0.0587,
         -0.1387, -0.1467,  0.1209, -0.0764, -0.0809,  0.1094,  0.0269,  0.0846,
         -0.0390,  0.1154, -0.0289, -0.1600, -0.1277, -0.0396, -0.0367,  0.1009],
        [ 0.0238, -0.1314,  0.0202, -0.0853,  0.1256,  0.1576,  0.1268, -0.0124,
         -0.0613,  0.1694,  0.0716, -0.0646,  0.0356,  0.1638,  0.1319, -0.1285,
          0.0812,  0.1487, -0.1263,  0.0960,  0.1429,  0.0415,  0.1118, -0.0130,
          0.1213, -0.1696, -0.1349,  0.1643, -0.0989, -0.1066, -0.0397,  0.0586],
        [ 0.0210,  0.0463,  0.1753, -0.0407, -0.1240, -0.1541, -0.1332,  0.0788,
         -0.1067,  0.1572, -0.1313,  0.0846, -0.0516,  0.0131,  0.0615, -0.1483,
         -0.0031,  0.1547, -0.1068,  0.1285, -0.1525,  0.0750,  0.1407, -0.1195,
          0.0533, -0.0392, -0.0797,  0.0860,  0.1414, -0.0298, -0.0180, -0.0684],
        [-0.0595, -0.0122, -0.1341,  0.0008, -0.0877, -0.1104,  0.0760, -0.0256,
         -0.1249,  0.0090,  0.0620,  0.1382,  0.1021, -0.0436, -0.1119,  0.1687,
          0.1179,  0.1704, -0.1163,  0.1184,  0.1217, -0.0360, -0.1163,  0.0822,
          0.1706, -0.1456,  0.0867, -0.1059, -0.0654,  0.1301,  0.0120, -0.0161],
        [-0.1622, -0.0737, -0.0283, -0.0793,  0.0509,  0.0742, -0.1241, -0.1402,
         -0.1340, -0.1291,  0.0588, -0.0485,  0.1096,  0.0437, -0.0599, -0.0160,
         -0.1107,  0.0005,  0.1333, -0.1287, -0.0253, -0.0743,  0.0540,  0.0942,
         -0.0453, -0.1574,  0.1495,  0.0142, -0.0189, -0.1412,  0.0914,  0.1736],
        [-0.1280, -0.1594, -0.1298, -0.1701, -0.1044, -0.1288,  0.1646, -0.1168,
          0.1063,  0.1115,  0.0376,  0.0518, -0.0454,  0.0479,  0.1354,  0.0452,
          0.1251, -0.1600,  0.0311,  0.0698,  0.0638,  0.0877,  0.0523,  0.1429,
         -0.1541, -0.0692, -0.1451, -0.0040, -0.0705, -0.1719, -0.0554, -0.0950],
        [ 0.1054, -0.1559,  0.1210,  0.0996, -0.1766,  0.0150, -0.1237, -0.1641,
          0.0800, -0.1016, -0.1313, -0.0045, -0.0530, -0.0411, -0.1764,  0.0691,
          0.1333, -0.1542,  0.0400,  0.0045, -0.0263,  0.0340, -0.1307, -0.1009,
          0.0433,  0.0379, -0.0847,  0.1692, -0.0095,  0.1764, -0.1228,  0.1673],
        [-0.0601,  0.0885, -0.0614, -0.1490, -0.0853,  0.0640,  0.1496,  0.0024,
         -0.1704, -0.1621, -0.0298,  0.1627,  0.0370, -0.0956, -0.0540,  0.1346,
          0.0349, -0.1689,  0.1408, -0.1103, -0.1609, -0.0201, -0.0566,  0.1391,
         -0.1481, -0.1170, -0.0983,  0.0404,  0.0919, -0.1377, -0.1560, -0.0739],
        [ 0.0092, -0.1165, -0.0114,  0.0946, -0.0899, -0.0311,  0.1379, -0.1669,
          0.1462,  0.1319, -0.0634,  0.0623,  0.0269, -0.1580, -0.1455, -0.1485,
         -0.0791,  0.0036, -0.0645,  0.0758,  0.1227,  0.1494, -0.1101,  0.1697,
         -0.1735,  0.1743,  0.0870, -0.1566, -0.1654,  0.0074, -0.0387, -0.1352],
        [ 0.1467,  0.1414, -0.0997,  0.0691, -0.1097, -0.1727, -0.1031, -0.0946,
         -0.0934, -0.0922, -0.1164, -0.1690, -0.1323, -0.1095,  0.0748,  0.1402,
          0.1136, -0.0755,  0.1666,  0.0747,  0.0551,  0.1204, -0.0526, -0.1153,
          0.1201,  0.0992,  0.1120,  0.1113, -0.1412, -0.0455,  0.0947, -0.0338],
        [-0.0475, -0.0582,  0.0437,  0.0459,  0.0918, -0.1329, -0.0116,  0.0294,
          0.1461, -0.0555, -0.1695, -0.1360,  0.0899, -0.1049,  0.1183,  0.0137,
          0.0705,  0.0291,  0.0015,  0.0701,  0.1429, -0.0297,  0.0371,  0.1223,
          0.1325, -0.1254,  0.0984, -0.1093, -0.1049, -0.1433, -0.0962, -0.0267],
        [-0.0508,  0.0184, -0.0528, -0.1264, -0.1011, -0.0731,  0.1118,  0.1635,
         -0.1545,  0.1243,  0.0337, -0.1641,  0.0314,  0.0811, -0.0486,  0.0758,
          0.1059, -0.1501,  0.0595, -0.0513, -0.1680, -0.0824,  0.1283,  0.0598,
          0.1721, -0.1029,  0.1599, -0.0661, -0.0471, -0.0478,  0.1573, -0.0306],
        [ 0.0770,  0.0852, -0.0019,  0.0497,  0.0502,  0.0908, -0.1661,  0.0990,
         -0.0559,  0.1083, -0.0982,  0.0958,  0.1599, -0.1687,  0.0896, -0.1509,
         -0.1455, -0.1387,  0.0941,  0.0067, -0.1397,  0.1363, -0.1519,  0.0655,
          0.0659,  0.0881,  0.0404, -0.0613,  0.0320,  0.0716,  0.1345, -0.0182]],
       device='mps:0')
glove_model.4.bias: tensor([ 0.1023, -0.0537,  0.1691,  0.1070, -0.1181,  0.1761,  0.1661,  0.0844,
        -0.0357,  0.1516,  0.1444,  0.1189,  0.0618, -0.1079, -0.0643, -0.0423],
       device='mps:0')
resnet_model.0.weight: tensor([[[[-9.0981e-03, -2.1966e-02,  4.1227e-02, -4.8194e-02, -1.7374e-01],
          [ 8.6636e-02,  1.0024e-02, -1.5367e-01,  1.0095e-01,  1.4281e-01],
          [-1.8068e-01,  1.0846e-01,  1.8376e-01,  4.2382e-02, -1.9907e-01],
          [-4.5558e-02,  1.9715e-01,  1.4976e-01,  2.2482e-02,  1.4102e-01],
          [ 1.4126e-01,  1.5408e-01,  1.6703e-01,  1.3153e-02,  1.1858e-02]]],


        [[[-1.2893e-01,  8.0788e-02,  4.3429e-02,  1.4629e-01,  1.4922e-01],
          [ 1.8201e-01, -3.6807e-03, -1.7558e-01, -1.3507e-01,  1.7408e-01],
          [ 1.0104e-01,  2.1078e-02, -6.1382e-02,  1.4317e-02,  1.4513e-01],
          [-2.0573e-02, -1.4229e-01, -1.8582e-01,  1.7498e-01,  2.2216e-02],
          [-1.0525e-01,  8.3121e-02,  3.6964e-02, -1.8064e-01,  1.9058e-01]]],


        [[[ 3.3573e-02,  1.8500e-01,  6.7536e-02,  9.6560e-02,  1.0095e-01],
          [ 1.5904e-01,  1.5620e-01,  1.0965e-01,  3.7467e-02,  1.8282e-01],
          [ 1.9013e-01, -1.8790e-01,  1.8133e-01, -1.1277e-01,  1.7038e-01],
          [-1.0230e-01,  9.2928e-02, -6.7772e-02, -2.7453e-03, -1.4316e-01],
          [-7.7271e-02, -9.9040e-02, -4.6647e-02, -3.9415e-02,  3.6521e-04]]],


        [[[-1.8964e-01,  2.2867e-02, -1.3412e-01, -8.4146e-02, -1.1300e-02],
          [-7.7006e-02, -5.6779e-02,  4.9509e-02,  7.4141e-02,  5.4116e-02],
          [-1.8000e-01,  2.4977e-02,  1.8478e-01,  1.3086e-01, -1.2624e-04],
          [-1.0888e-02, -1.3021e-02, -1.4390e-01, -1.8859e-01, -1.9323e-01],
          [-1.8171e-01, -2.4135e-02,  7.7963e-02,  1.4117e-01,  9.5966e-02]]],


        [[[ 4.3930e-02, -3.2804e-04,  1.4563e-01,  1.4706e-02,  4.4749e-02],
          [-2.9210e-02,  7.7102e-02,  1.3185e-01,  1.9265e-01,  7.9959e-02],
          [-1.4056e-01,  1.5425e-02,  1.1213e-01,  5.3775e-02,  1.3037e-02],
          [ 1.4416e-01, -1.2942e-01, -1.6526e-01,  1.8335e-01,  1.7383e-01],
          [ 1.6372e-01, -1.0362e-01,  1.0858e-01, -7.0474e-02, -9.5311e-02]]],


        [[[ 2.2012e-03,  3.9118e-02, -1.1673e-01, -1.1947e-01, -1.5403e-01],
          [ 4.0983e-02, -2.9395e-02, -1.7323e-01, -1.2061e-01, -6.3546e-02],
          [ 8.7901e-02, -1.5194e-02, -1.4732e-01, -1.7657e-01, -9.8843e-02],
          [-1.4525e-01, -8.8560e-02, -1.1335e-01, -5.0205e-03,  1.0858e-01],
          [-8.0301e-02, -5.4623e-03, -9.1669e-02,  1.3286e-01,  1.3046e-01]]],


        [[[ 1.4991e-01,  6.1435e-02, -4.8526e-03,  1.2577e-01,  1.2410e-01],
          [-2.2099e-02,  9.8086e-03,  1.5431e-01,  1.6238e-02, -1.7875e-01],
          [ 3.7438e-02, -6.5691e-02,  1.7792e-01,  1.5643e-03,  7.3856e-02],
          [ 1.4507e-01,  8.3639e-02,  1.6183e-01, -9.0060e-02,  1.3122e-02],
          [-4.5823e-02,  2.6653e-02, -1.0431e-01, -1.9683e-01,  1.8161e-01]]],


        [[[-1.7527e-01,  1.6700e-01, -1.1948e-01, -6.1841e-02,  3.8923e-02],
          [-1.9983e-02,  9.7854e-02, -9.5306e-02, -5.7078e-02,  5.6395e-02],
          [ 8.2546e-02, -9.8206e-02, -1.1210e-01, -4.3974e-02,  1.2121e-01],
          [ 9.8327e-02, -1.1630e-01,  1.7440e-01, -1.4058e-01,  1.1570e-01],
          [ 1.8842e-01,  1.4075e-01,  4.2901e-02,  6.6675e-02, -3.9308e-03]]],


        [[[ 1.0004e-01,  9.9364e-02, -1.6508e-01,  1.6993e-01,  5.7829e-02],
          [ 1.7295e-01,  5.7592e-04,  9.6813e-02,  1.8539e-01, -6.2548e-03],
          [-1.7882e-01, -1.1306e-01,  1.9870e-01, -6.3151e-03, -5.2636e-02],
          [ 5.9418e-02,  7.2831e-02, -6.5879e-02, -1.3990e-01,  3.4363e-02],
          [ 6.6722e-02,  7.0633e-02,  9.5429e-02, -1.5900e-02,  1.6725e-02]]],


        [[[-1.1656e-01, -7.3974e-04,  6.4899e-02, -1.1893e-01, -1.0032e-01],
          [ 3.0433e-02, -9.4173e-02, -1.9327e-01,  1.0698e-01, -1.8223e-02],
          [ 1.8226e-01,  1.9127e-01,  1.7893e-01,  1.1970e-02,  1.7218e-02],
          [-9.3352e-02, -1.1233e-02,  1.8170e-01,  4.5829e-02, -1.9276e-01],
          [ 1.2805e-01,  1.3211e-01, -9.1504e-02,  1.3208e-01, -6.0082e-02]]],


        [[[ 5.6191e-02,  1.5362e-01,  6.0851e-02, -1.5744e-01,  3.8983e-02],
          [-5.4581e-02,  1.1494e-01,  1.1374e-01,  1.1688e-01, -1.7501e-01],
          [-3.7918e-02,  1.6536e-01, -1.1210e-01, -1.8282e-01, -1.7762e-01],
          [-1.8696e-01, -1.3662e-02,  3.9537e-02,  5.1305e-02, -4.0243e-03],
          [-5.0905e-02,  5.0267e-02, -1.6898e-01,  7.6126e-02, -1.3099e-01]]],


        [[[ 1.8405e-01, -2.7694e-02,  1.9613e-01, -1.3022e-02,  1.8228e-01],
          [ 1.2857e-01,  1.8673e-01, -1.1989e-02,  6.7018e-03, -6.1404e-02],
          [-9.5678e-02,  1.6409e-01, -1.1021e-01,  1.7838e-01, -1.6814e-01],
          [-3.3349e-02,  9.2590e-02,  1.6550e-01,  1.0594e-01, -3.8609e-02],
          [-4.2306e-02, -1.1044e-01,  1.5503e-01, -5.4271e-02,  1.5375e-02]]],


        [[[ 1.5097e-01,  6.9419e-02, -1.6677e-02, -1.7367e-01, -1.0482e-01],
          [-9.3019e-02, -1.9811e-01,  3.5068e-02,  6.6047e-02, -1.4183e-01],
          [ 2.6055e-02,  1.6213e-01, -1.7091e-01, -1.7976e-01,  5.0260e-02],
          [ 1.3608e-01,  1.8727e-01,  9.6748e-02, -1.5869e-01,  1.3454e-01],
          [-6.7840e-02, -1.0615e-01, -6.7776e-02, -1.7378e-02, -1.0699e-01]]],


        [[[-1.3219e-01,  1.8188e-01, -4.4072e-02,  5.1625e-02, -1.7395e-01],
          [-1.6116e-01, -8.2513e-02,  4.0412e-03,  1.7744e-01,  1.4099e-01],
          [ 8.4506e-02,  5.9552e-02, -8.1637e-02,  3.3050e-02,  1.3248e-01],
          [ 9.3173e-03,  2.7050e-02,  8.3267e-02, -1.3356e-01, -1.8118e-01],
          [-7.9345e-02, -1.6053e-01,  4.1582e-03,  9.8259e-03, -2.0567e-03]]],


        [[[-1.6452e-01,  1.1528e-01,  6.6672e-03, -3.4918e-02,  2.1350e-02],
          [ 1.9739e-01, -1.1076e-01, -1.5987e-01,  7.4331e-03, -1.0066e-01],
          [ 1.6669e-01,  3.3052e-03, -1.8828e-01,  7.6134e-03,  1.9609e-01],
          [-7.6051e-02,  1.3264e-01,  1.2492e-01,  1.5717e-01,  1.5195e-01],
          [ 1.3236e-01, -1.9839e-01, -1.1631e-01,  1.6031e-01, -5.4300e-02]]],


        [[[-1.0473e-01, -7.7462e-02,  6.2550e-02, -2.4907e-02,  1.9379e-01],
          [ 4.6802e-02, -1.1191e-01, -1.5260e-01,  1.0626e-02,  1.9096e-01],
          [-3.3512e-02, -1.3183e-01,  1.5209e-01, -9.1915e-03, -1.9741e-01],
          [-1.1989e-01,  1.5513e-01, -1.2242e-01,  1.2555e-01, -1.0049e-01],
          [-6.3533e-02, -9.8410e-02,  1.2948e-01, -2.2587e-02, -1.3294e-01]]],


        [[[ 1.9761e-01, -5.6979e-02,  5.2558e-02,  1.2068e-01, -3.5771e-02],
          [ 7.0883e-02,  1.7797e-01, -9.6258e-02,  1.0511e-03,  4.8566e-03],
          [ 1.8783e-01,  2.9182e-02,  1.2722e-01,  1.5286e-01, -4.5065e-03],
          [-7.9197e-02, -1.1187e-01,  6.1110e-02, -1.2151e-01, -1.1382e-01],
          [-1.0473e-01,  7.4282e-02,  1.6972e-02, -1.5086e-01, -1.1876e-01]]],


        [[[-1.7689e-01,  3.2295e-02,  1.6399e-01,  1.5245e-01, -4.6927e-02],
          [ 1.9240e-01, -1.5535e-01,  1.8808e-01, -4.3351e-02, -1.1855e-01],
          [ 6.3392e-02, -1.1639e-01, -7.3501e-02, -5.6921e-03, -1.5938e-02],
          [-1.7014e-01,  1.9953e-01, -8.6664e-02,  3.8830e-02, -1.1898e-01],
          [ 4.2687e-02,  1.8461e-02, -1.7374e-01, -1.8899e-03,  1.9532e-03]]],


        [[[-7.5168e-02, -1.6324e-01, -1.5795e-01, -1.7050e-01, -6.9282e-02],
          [ 5.6723e-02,  6.0221e-02,  1.8586e-01,  6.0563e-02, -1.4288e-01],
          [ 4.6887e-02, -1.1095e-01, -7.5616e-02,  7.9113e-02, -5.7050e-02],
          [-1.3725e-01, -1.6964e-01,  3.4229e-02,  1.0083e-01,  1.4399e-01],
          [ 2.3063e-02, -1.0987e-02,  1.8093e-01, -1.9374e-01, -5.4633e-02]]],


        [[[-9.3250e-02, -1.4297e-01,  1.7055e-01, -1.3227e-01,  1.3723e-01],
          [ 1.0385e-01, -4.2525e-02,  1.1403e-01,  8.4246e-02,  6.2829e-02],
          [ 1.8434e-01, -1.6958e-01,  1.8679e-01, -6.8041e-02, -1.9628e-01],
          [ 2.6650e-02,  1.5590e-01, -9.8427e-02,  1.8095e-01,  6.1313e-02],
          [ 1.8154e-01,  8.2455e-02,  1.4253e-01, -1.7498e-01, -7.9506e-02]]],


        [[[-1.0753e-01,  1.1488e-01, -1.8383e-02,  2.5908e-02,  5.4895e-02],
          [-1.1824e-01, -1.4532e-01, -4.3793e-02, -4.0522e-02, -1.6158e-01],
          [ 2.6790e-02, -8.4269e-02, -4.6787e-03, -3.3558e-02, -1.8531e-01],
          [-2.0053e-02,  4.2162e-02,  1.2754e-03,  1.7867e-01, -2.9265e-02],
          [-8.3021e-02,  1.3633e-01, -9.1305e-02,  1.4502e-01, -3.3599e-02]]],


        [[[-3.3197e-02,  5.6539e-02,  3.1535e-02,  3.8688e-02,  5.8729e-02],
          [ 1.1515e-01,  6.3575e-02,  1.8817e-01, -2.0383e-02,  1.5842e-01],
          [ 1.7764e-01,  4.6459e-02, -8.0727e-02, -1.4726e-01, -1.5926e-01],
          [ 1.9943e-01, -7.2383e-02,  1.9572e-01, -4.9830e-03, -1.8431e-01],
          [ 3.8505e-02, -1.3801e-01,  9.3777e-02,  8.6819e-02,  1.6766e-01]]],


        [[[-6.2660e-02,  1.4411e-01, -5.3459e-03, -1.4949e-01,  9.9801e-02],
          [ 1.4332e-01, -8.5174e-02,  1.5390e-01,  3.5914e-02, -1.6482e-01],
          [-8.9904e-02, -1.7880e-02,  3.7787e-02, -1.7994e-01,  6.5659e-02],
          [ 4.2006e-02, -1.2200e-01,  1.7702e-01,  1.7033e-01,  5.2063e-02],
          [-6.7573e-02, -1.4952e-01, -7.7778e-02,  4.9746e-02, -8.7841e-02]]],


        [[[-1.6942e-01, -1.2501e-01,  1.4898e-01, -2.2685e-02, -2.5815e-02],
          [-6.4843e-02, -1.3956e-01, -1.5640e-01, -4.0628e-02, -1.4385e-01],
          [-6.9728e-04, -1.8730e-01,  8.2685e-02, -1.8977e-01,  1.9991e-01],
          [-4.6161e-02,  1.1586e-01, -1.4505e-01, -1.5755e-01,  9.2309e-02],
          [-2.6894e-02, -5.1996e-02, -1.7359e-01, -2.1868e-02, -6.5647e-02]]],


        [[[-6.5556e-02, -3.2503e-02, -5.9467e-02,  9.1877e-02, -3.9230e-02],
          [-4.4209e-02,  1.4593e-02, -1.2461e-01,  8.0343e-02,  1.5491e-01],
          [-1.8747e-01, -2.8991e-02, -9.4067e-02, -2.2969e-02,  7.7317e-02],
          [-1.0148e-01,  1.0758e-01, -3.6829e-02,  1.5651e-01,  1.9468e-01],
          [ 1.7077e-01, -1.2346e-01, -1.9036e-01, -9.3971e-02, -2.7788e-02]]],


        [[[ 1.9365e-01,  7.6874e-02,  7.7034e-02, -1.7477e-01,  2.9243e-03],
          [ 1.4256e-01, -1.5230e-01, -1.7584e-01,  1.5076e-01,  4.8312e-02],
          [-1.2241e-02, -1.5758e-01, -1.5004e-01, -8.0486e-02,  1.2485e-01],
          [ 1.3177e-01,  1.2181e-01,  5.8384e-02, -1.7492e-01,  1.6749e-01],
          [ 1.9780e-01, -4.5713e-03, -8.6974e-02,  1.2617e-01,  1.7879e-01]]],


        [[[-2.3759e-02,  6.9059e-02,  1.2607e-01, -1.0387e-01, -1.0565e-01],
          [ 1.8672e-01, -1.4879e-01, -1.7054e-01,  1.8748e-01, -1.8332e-01],
          [ 1.2121e-01, -1.6369e-01,  1.0450e-01, -1.8602e-01,  9.1658e-02],
          [ 1.6463e-01, -1.8601e-01,  7.1721e-02,  4.2058e-02,  3.2424e-02],
          [ 1.0575e-01,  9.4298e-02,  5.8297e-02, -1.2477e-01,  8.0657e-03]]],


        [[[ 4.4229e-02, -9.9383e-02, -3.6588e-02,  1.3624e-01, -4.8466e-02],
          [-9.6477e-02, -3.3567e-02,  1.6802e-01, -1.4104e-02,  1.6355e-01],
          [-1.4221e-02, -1.5408e-01,  1.3465e-01,  1.8663e-02, -1.7275e-01],
          [ 1.4420e-01, -3.4384e-02,  2.5211e-02, -2.1954e-02, -7.3385e-02],
          [-1.6261e-01, -1.7328e-01,  3.4524e-02,  1.1569e-01,  1.3901e-01]]],


        [[[ 3.8017e-02,  3.2243e-02,  1.6724e-01,  3.8397e-02,  1.1312e-01],
          [ 1.0937e-01, -2.0919e-02, -1.0272e-01,  3.7192e-02, -5.1292e-02],
          [-1.6153e-01, -8.2432e-02, -1.4255e-01, -1.3210e-01,  1.4301e-01],
          [-1.2940e-01, -8.7415e-02,  8.1797e-02, -1.2090e-01,  1.5160e-01],
          [ 9.5310e-02,  1.0485e-01,  1.8537e-01,  1.3144e-01, -1.9011e-01]]],


        [[[ 7.9920e-02, -1.3693e-01,  1.0971e-01, -1.6968e-01, -1.0247e-01],
          [ 8.5701e-02, -1.4502e-01, -1.0798e-01,  1.6058e-01, -3.3413e-02],
          [-4.6933e-02, -1.1032e-02,  1.0527e-02,  1.3852e-01, -7.6574e-02],
          [-5.5986e-03,  1.7514e-01, -1.2587e-01, -4.2042e-02, -3.9444e-02],
          [ 1.1736e-02, -8.9378e-02, -1.6103e-01, -1.6738e-01, -8.2900e-02]]],


        [[[-1.4925e-01, -8.2526e-02,  5.4973e-02, -6.0057e-02,  1.5473e-01],
          [-2.8008e-02, -1.7800e-01,  1.9943e-01,  5.4927e-02, -9.6248e-02],
          [-1.1843e-01,  1.8365e-01,  1.1748e-01, -1.1769e-01,  1.6788e-02],
          [ 1.9789e-01,  1.0829e-01,  1.1380e-01,  6.8646e-02,  1.3627e-01],
          [-8.5427e-02, -5.3277e-02, -1.7079e-01,  1.9634e-01, -7.4514e-02]]],


        [[[-1.3862e-01,  1.0148e-02,  6.5278e-02,  1.8334e-01,  1.6256e-01],
          [ 9.8203e-02,  1.1086e-01,  1.7190e-01,  8.1449e-02,  1.1349e-02],
          [ 3.0676e-02,  1.8888e-01, -1.1038e-01,  1.6590e-01,  1.2976e-02],
          [ 1.8723e-01,  1.8633e-01, -1.8531e-01, -8.6853e-02, -3.7105e-02],
          [ 1.9368e-01,  7.8683e-02, -1.0793e-01,  1.8170e-01,  1.0196e-01]]]],
       device='mps:0')
resnet_model.0.bias: tensor([ 0.0213, -0.0152,  0.1248, -0.0184, -0.0460, -0.1864, -0.0320, -0.0887,
         0.1891, -0.0558, -0.0129,  0.0727, -0.0317,  0.1510,  0.0419, -0.1742,
        -0.1865,  0.1747,  0.0591, -0.1478, -0.1772, -0.1233,  0.1859, -0.1978,
        -0.1360, -0.0793, -0.0877, -0.1070,  0.0504, -0.1450,  0.1417,  0.0332],
       device='mps:0')
resnet_model.2.weight: tensor([[[[ 2.9781e-02, -3.4978e-02, -2.7160e-02, -1.0895e-02,  3.5501e-03],
          [ 3.3138e-02,  2.2295e-02,  3.1461e-02,  6.2473e-03,  3.3758e-02],
          [-2.9441e-02, -2.1852e-02, -1.8891e-02,  3.0688e-02,  2.1150e-02],
          [-3.0387e-02,  7.5538e-03,  2.6398e-02,  2.9536e-02,  2.1395e-02],
          [ 2.7123e-02,  2.4266e-02, -2.2573e-02,  3.0397e-02, -2.0323e-02]],

         [[ 1.6794e-02,  2.8421e-02, -4.2696e-04, -9.4347e-03, -2.3648e-02],
          [-1.7654e-02, -7.0659e-03,  3.1377e-02,  2.2535e-02, -3.2698e-02],
          [-2.6453e-03, -1.5476e-02,  4.8875e-03,  3.3090e-02, -1.1746e-02],
          [ 2.2137e-02,  3.2945e-02,  4.7833e-03,  1.9399e-02,  1.3581e-02],
          [ 1.5341e-02,  3.4271e-02,  7.5381e-03, -1.2784e-02,  2.5772e-02]],

         [[ 2.9581e-03,  1.7510e-03, -3.2585e-02, -2.6022e-02,  3.3489e-02],
          [ 2.5547e-02, -2.7992e-02, -1.4938e-02, -2.1715e-02,  3.1906e-02],
          [ 2.4749e-03, -1.2967e-02,  2.3009e-02,  2.3493e-03,  5.8308e-03],
          [ 1.3681e-02, -3.9695e-03,  1.2246e-02, -2.7922e-02,  3.0144e-02],
          [-1.4012e-02, -2.3499e-02,  2.5716e-02, -2.5194e-02,  5.4809e-03]],

         ...,

         [[-3.3574e-02,  1.5921e-02,  1.6805e-02,  2.7309e-02, -1.0163e-02],
          [-6.4735e-03,  3.3714e-02, -3.4223e-02, -2.6359e-03,  2.8319e-02],
          [ 2.3992e-02, -3.1565e-02, -4.2633e-03,  2.0154e-02,  9.1591e-03],
          [ 3.0903e-02,  1.0881e-03, -1.6931e-02,  1.9496e-02, -2.4257e-02],
          [-1.7804e-02,  1.1852e-02, -2.2832e-03, -7.7501e-03, -2.4815e-04]],

         [[ 2.5357e-02,  3.1211e-02, -4.9168e-03,  1.1534e-02, -6.9492e-03],
          [-7.1883e-03, -2.2646e-02, -1.5864e-02, -1.5300e-02,  2.1059e-02],
          [ 2.7111e-02, -2.9003e-02, -3.3167e-02, -1.7951e-03,  2.0938e-03],
          [-8.3652e-03,  2.2786e-02, -2.8709e-02,  2.3043e-02,  7.9656e-03],
          [-2.8166e-02,  3.4324e-02,  1.4016e-02, -2.8223e-03, -3.4844e-02]],

         [[-1.9453e-02,  9.6491e-03, -1.5151e-02, -2.0205e-02, -2.6883e-04],
          [ 8.0434e-03, -8.0621e-03, -4.8580e-03,  2.5616e-02,  2.3721e-02],
          [-1.1403e-02, -7.7256e-04, -2.1832e-02,  2.8007e-02,  7.5422e-03],
          [ 3.2169e-02,  4.3935e-03, -1.5399e-03,  1.1772e-02,  1.0925e-02],
          [ 1.4318e-02, -1.1106e-02, -2.6314e-02,  4.8135e-03, -2.4145e-02]]],


        [[[-8.0415e-03,  7.0435e-03,  2.5835e-02, -2.3767e-02, -2.9270e-02],
          [ 5.8038e-03, -3.3903e-02,  3.4453e-02,  2.1846e-02,  7.8570e-03],
          [ 3.4030e-02, -3.6788e-03,  1.2874e-02,  5.8010e-03,  3.1699e-02],
          [ 1.2553e-02,  3.0275e-02,  2.0443e-02, -7.5975e-03,  1.8432e-02],
          [ 1.2196e-02, -2.9691e-02, -2.6442e-02,  2.2564e-02, -2.4830e-02]],

         [[ 3.7893e-03,  3.4524e-02, -1.1288e-02,  3.4426e-02,  3.3986e-03],
          [-1.4065e-02,  2.6272e-02, -8.1155e-03,  3.5348e-02, -1.1762e-02],
          [ 1.5865e-02,  1.2543e-02, -1.5665e-02, -3.1860e-02,  3.2417e-02],
          [-2.9464e-02,  3.1453e-02, -2.1854e-02,  1.9134e-02, -3.3119e-02],
          [-5.5919e-03,  2.5721e-02, -2.3686e-02, -8.3846e-03, -6.2708e-04]],

         [[-1.8399e-02, -2.2639e-02, -3.2510e-02, -2.7656e-02,  2.2123e-02],
          [-3.2437e-02,  4.6908e-03,  1.7190e-02,  3.1043e-02,  3.3651e-02],
          [-1.4243e-02,  3.7064e-04,  2.0059e-02,  1.4206e-02,  2.5490e-02],
          [ 2.3504e-02, -1.1357e-02, -4.9683e-03,  3.0645e-02,  8.0379e-03],
          [ 2.1878e-02,  1.5398e-02,  1.4176e-02,  1.2970e-02, -2.8028e-02]],

         ...,

         [[ 3.0421e-02,  2.7618e-02, -8.7131e-03, -9.6282e-03,  4.5827e-03],
          [-2.8548e-02,  7.2435e-03,  9.5786e-03,  5.6335e-03, -3.4241e-02],
          [-2.8833e-03,  1.4178e-02,  2.5012e-02,  1.1219e-02, -2.0820e-02],
          [-4.1360e-03, -2.4039e-02, -6.8955e-03, -1.1081e-02,  2.3963e-02],
          [ 1.9399e-03,  3.3578e-02, -1.7887e-02, -6.9137e-03,  1.8659e-02]],

         [[-1.4871e-02,  9.2641e-03, -1.3446e-02, -2.9130e-03,  2.6927e-02],
          [-3.2113e-02,  3.0602e-02, -3.5151e-03,  1.6781e-02,  2.4382e-02],
          [ 2.7365e-03, -2.8121e-02, -1.4687e-02, -4.8817e-03, -3.1364e-02],
          [-1.3306e-02, -2.2082e-02,  2.1931e-02,  1.8483e-02, -6.2231e-03],
          [-1.0828e-02, -3.5185e-02,  6.8702e-03,  1.9829e-02, -1.9008e-02]],

         [[ 5.8404e-03, -9.1141e-04, -1.6640e-02,  1.1214e-02,  1.2084e-02],
          [-1.5978e-02,  3.3325e-02,  1.9862e-02, -6.9492e-03, -7.2831e-03],
          [ 1.7760e-02, -1.5965e-02, -2.7093e-02, -1.2943e-02, -3.5348e-02],
          [-2.6111e-02, -3.5299e-02, -1.7233e-02,  1.9793e-02,  3.6422e-04],
          [ 1.7378e-02,  3.1576e-02, -2.4652e-02, -2.7421e-02, -2.0998e-02]]],


        [[[-1.3592e-02, -2.3596e-02,  2.3537e-02,  5.6646e-03, -3.1549e-02],
          [-2.4960e-02,  8.7869e-03, -5.5662e-03,  1.8604e-02, -6.4621e-03],
          [-1.9041e-02, -1.6869e-02,  3.4313e-02,  4.2471e-03,  3.4131e-02],
          [-6.3730e-03, -2.8710e-02,  1.1559e-02, -2.0516e-02, -1.5008e-02],
          [ 2.0311e-03,  2.8010e-02, -7.2652e-04,  3.1960e-02, -8.6658e-03]],

         [[-3.3586e-02,  2.5460e-02, -2.3230e-02,  1.4250e-02, -2.4615e-02],
          [ 1.5997e-02, -2.6367e-02, -4.1440e-03,  3.4520e-02,  2.5585e-02],
          [ 1.5417e-02, -3.5164e-02, -2.9969e-02,  2.2199e-02,  3.3297e-02],
          [-5.3552e-03,  2.9743e-02, -2.9633e-02,  3.2034e-02, -1.0473e-04],
          [-9.5921e-03,  1.9698e-02,  2.5782e-02, -1.6257e-02, -3.4476e-02]],

         [[-2.1694e-02, -8.9831e-04, -2.7646e-02, -7.9475e-03,  2.5937e-02],
          [ 2.8101e-02,  1.0951e-03, -2.3710e-02,  3.5249e-02, -1.3342e-02],
          [-1.5681e-02,  3.3726e-05, -3.0525e-02,  4.2009e-03,  2.2867e-02],
          [-2.2401e-02,  4.3884e-03, -2.9020e-02,  1.6317e-04,  3.3825e-02],
          [-1.3887e-02,  3.2867e-02,  1.3172e-02,  2.6484e-02,  2.7344e-02]],

         ...,

         [[-3.4776e-02,  1.0890e-02, -3.3158e-02,  1.8605e-02,  2.1209e-03],
          [ 1.7776e-02, -3.1165e-02, -4.3266e-03, -3.3473e-02, -1.4919e-02],
          [-1.6636e-02,  6.6384e-03, -5.5802e-03,  3.1135e-02,  1.8271e-02],
          [ 3.5204e-02,  3.4574e-02,  2.2739e-02,  1.1364e-02,  1.9441e-02],
          [-2.6575e-02, -6.7941e-03,  8.9329e-03, -3.7061e-03, -7.8463e-03]],

         [[ 3.5047e-02, -2.8492e-02, -2.9728e-02,  8.6894e-05,  1.3183e-02],
          [ 7.0121e-03,  2.5156e-02, -1.2568e-02, -4.4823e-04, -3.1450e-02],
          [ 8.3365e-03, -2.2764e-02, -2.1128e-03,  5.7944e-03,  2.6941e-02],
          [ 2.1473e-02, -1.5524e-02,  5.5767e-04, -3.1638e-03,  1.4720e-02],
          [-2.9817e-02, -1.1904e-02, -3.2143e-02, -6.8498e-03, -2.2417e-02]],

         [[-1.8835e-02,  1.4491e-02, -1.3641e-02, -2.9478e-02,  3.1893e-02],
          [ 1.0826e-02,  1.8563e-02, -4.0711e-03,  1.6174e-02, -1.2150e-02],
          [-1.3459e-02, -1.1823e-02,  1.3997e-02,  2.3124e-02,  2.5782e-02],
          [-3.0811e-02, -2.5253e-02, -3.0471e-02,  1.1133e-02, -2.8876e-02],
          [-1.6421e-02, -2.6056e-02,  2.2138e-04,  2.1044e-02, -1.7396e-02]]],


        ...,


        [[[ 1.3445e-02, -4.3741e-03,  1.5119e-02, -2.4341e-03,  2.5221e-02],
          [ 2.2968e-02, -2.5407e-02,  2.1816e-02, -3.0546e-02, -2.7992e-02],
          [ 1.4057e-02, -2.7138e-02,  2.0127e-02,  4.2343e-03,  1.1961e-02],
          [ 1.5195e-02, -2.9746e-02,  1.1331e-02, -7.3154e-03,  1.1820e-02],
          [ 2.8239e-02,  1.6982e-02,  8.2983e-04, -3.3730e-02,  1.5486e-03]],

         [[ 2.5255e-02,  2.2471e-02,  3.1416e-02,  3.1468e-02, -2.5806e-02],
          [ 3.6844e-03,  8.4792e-03, -6.0492e-03,  3.2349e-02, -3.0264e-02],
          [-3.3788e-02,  1.5069e-02, -2.3482e-02, -2.1968e-02,  3.0215e-02],
          [-4.5108e-03,  1.3172e-02, -1.6529e-02,  4.0415e-03, -2.8386e-02],
          [-1.5810e-03,  8.3748e-03,  5.8776e-03, -8.2051e-04,  3.0655e-02]],

         [[ 5.6755e-03,  5.7086e-03,  1.6644e-02,  9.3681e-03, -3.0775e-02],
          [ 2.5980e-02,  6.6773e-03, -3.0288e-04,  2.0121e-02, -2.0562e-02],
          [ 3.3598e-02, -2.7888e-02,  2.0259e-02,  1.4568e-02, -9.2835e-03],
          [ 7.6168e-03,  1.1846e-02, -1.4762e-02,  1.1821e-02,  2.4052e-02],
          [-3.3793e-02,  3.2816e-02,  1.1024e-03, -2.3092e-02,  1.9905e-02]],

         ...,

         [[ 2.0643e-02, -1.9597e-02, -1.4347e-02,  1.3561e-03,  1.2890e-02],
          [-2.2281e-02, -3.1596e-02, -1.5136e-02,  6.1361e-03, -1.3081e-02],
          [-1.3610e-02, -2.7279e-02, -4.4575e-03, -6.9921e-03, -2.0759e-02],
          [ 1.0256e-02,  2.1879e-02, -8.0942e-03, -2.6855e-02, -3.7076e-03],
          [-7.4722e-03,  1.3265e-03, -1.0536e-02, -1.8072e-02,  1.9568e-03]],

         [[ 2.4858e-02,  2.2808e-03,  1.7834e-02, -8.4294e-03,  2.0824e-03],
          [-1.2244e-02,  2.2189e-03, -2.3079e-02,  8.6720e-03,  2.4975e-02],
          [-1.5987e-02,  9.0256e-03,  1.2642e-02, -1.0642e-03,  1.1924e-02],
          [-2.9537e-03,  1.5085e-02,  8.5506e-03, -3.0218e-03, -1.1517e-02],
          [-2.6939e-03,  3.2310e-02, -3.5361e-03,  2.1547e-02, -2.4158e-02]],

         [[-2.2691e-02,  2.5270e-02,  2.8948e-02,  3.6994e-03,  3.0379e-02],
          [-2.7495e-02,  6.9086e-03,  3.9035e-03, -2.5953e-02,  3.2927e-02],
          [ 3.4085e-02,  1.6750e-02,  2.7957e-02,  1.1224e-02, -1.9709e-02],
          [ 2.5596e-02, -3.1128e-02, -2.2129e-02, -6.3966e-03,  1.1176e-03],
          [ 1.0235e-02, -1.6947e-02,  1.0974e-02,  1.2210e-02, -2.9010e-02]]],


        [[[-1.9754e-02, -3.0647e-03,  1.6689e-02, -1.2777e-03,  1.6233e-02],
          [ 2.1390e-02,  3.1676e-03,  2.7430e-02, -1.4926e-02, -2.2299e-04],
          [-2.7010e-02,  3.1517e-02,  4.3090e-04, -2.9062e-02, -3.4557e-02],
          [ 2.1154e-02,  1.9590e-02,  3.4039e-03,  3.1821e-02,  2.0245e-02],
          [ 2.5249e-02,  2.1971e-02,  1.5416e-02, -1.2721e-02, -3.8239e-03]],

         [[ 1.9827e-02,  3.0990e-02,  2.9442e-02,  1.3470e-02, -1.7192e-02],
          [ 3.5123e-02, -1.7127e-02, -9.7814e-03,  1.6648e-03, -5.8488e-03],
          [ 3.5247e-02,  4.0508e-03,  2.1779e-02, -3.6035e-03, -2.6868e-02],
          [ 2.5697e-02,  1.4970e-02, -2.9610e-02, -2.9118e-02, -3.0369e-02],
          [-1.1853e-02,  2.1544e-02,  5.3467e-03, -2.2858e-02, -3.1498e-02]],

         [[-6.1812e-03,  3.4393e-02, -1.3120e-02, -3.0231e-02,  8.6817e-03],
          [-1.1836e-02, -4.4279e-03,  2.0652e-02, -1.4271e-02, -2.8400e-02],
          [ 1.1619e-02, -1.3001e-02,  1.1317e-02,  3.2182e-03,  1.2353e-02],
          [-2.9148e-02, -2.0406e-02, -9.3240e-03,  1.9373e-02,  1.3262e-02],
          [ 1.4636e-02, -1.2488e-02, -7.7366e-03, -2.3811e-02, -5.3793e-03]],

         ...,

         [[-2.5848e-02, -3.1218e-02,  3.2336e-02,  5.8444e-03, -3.2609e-02],
          [-3.3117e-02, -1.2611e-02, -7.5745e-03, -8.6123e-03,  2.8119e-02],
          [ 2.3715e-02, -3.6306e-03,  1.3718e-02, -2.8550e-02, -1.1423e-02],
          [-2.7574e-02,  4.6790e-04,  1.6688e-02,  1.7348e-02, -2.5660e-03],
          [-2.6487e-02, -4.4460e-03, -4.2165e-04, -1.9262e-02, -2.1530e-02]],

         [[ 2.1789e-02,  1.2101e-02,  3.0466e-03, -3.2037e-02,  3.2241e-02],
          [ 1.4518e-02, -2.0794e-02,  2.4964e-02,  2.1248e-02,  1.7148e-02],
          [ 9.5772e-03,  2.4634e-02,  2.7301e-02,  1.2505e-02,  1.0832e-02],
          [-1.0827e-02,  1.9969e-02, -1.0486e-02,  9.6665e-03,  1.1501e-03],
          [ 1.0926e-02,  1.5148e-02, -5.6628e-03,  1.6356e-02, -1.7419e-02]],

         [[ 2.9047e-02,  1.9036e-02, -9.5197e-03,  2.6341e-03,  2.9885e-02],
          [-2.4578e-02, -2.7505e-02,  3.3394e-02,  2.8736e-02, -3.0965e-02],
          [ 8.2891e-03,  3.4505e-02,  9.3321e-03,  2.5571e-02, -9.4504e-03],
          [ 2.1700e-02, -1.2184e-02,  2.0656e-03,  3.4893e-02, -2.5313e-02],
          [ 3.4341e-02, -1.5221e-02,  2.3484e-02,  2.3119e-02,  1.5039e-02]]],


        [[[-7.8275e-03, -1.7183e-02,  2.1798e-02, -1.6995e-02,  2.1218e-02],
          [-1.7805e-02, -5.0798e-03,  7.9208e-03,  2.8959e-02,  2.6931e-02],
          [-2.3849e-02, -1.5720e-02, -1.8922e-02,  7.8074e-03,  5.5769e-03],
          [-3.2767e-02, -2.2947e-02, -2.5313e-02, -3.3204e-02, -1.1465e-03],
          [-2.2615e-02, -2.7527e-02,  1.8585e-02, -2.8327e-02, -2.6242e-02]],

         [[-2.6209e-02,  2.7342e-02,  2.1107e-02,  1.7108e-02, -1.8385e-02],
          [ 1.1426e-02,  1.1383e-02, -3.5962e-03,  2.5042e-03, -1.0055e-02],
          [-3.2758e-02,  1.1708e-02,  6.5123e-03, -3.4797e-02,  1.4033e-02],
          [ 3.4645e-02,  7.4059e-03, -3.5114e-02, -8.7774e-03, -2.8374e-02],
          [ 2.2499e-02,  1.5116e-02,  7.3667e-03,  3.8337e-03,  3.1175e-02]],

         [[-1.2807e-02,  1.2402e-02,  1.9114e-02, -2.4521e-02, -2.6325e-02],
          [-9.6831e-03,  3.1204e-02, -9.1981e-03, -2.2760e-02,  3.3588e-02],
          [-1.1068e-02,  2.4652e-02, -2.7116e-02, -3.3052e-03, -2.0151e-02],
          [-5.3303e-03,  9.8311e-03,  1.2857e-02, -3.3821e-02, -3.4787e-02],
          [ 3.1661e-02, -2.8136e-02,  1.9638e-02, -2.9675e-02,  3.2168e-02]],

         ...,

         [[-1.8820e-02,  1.7167e-02, -3.1874e-02, -2.0680e-02, -2.4503e-02],
          [-2.4631e-02, -2.4728e-02,  3.2049e-02, -5.7965e-03, -9.3347e-05],
          [-2.5915e-02, -1.7931e-02,  1.3924e-02,  5.1404e-03, -3.1137e-02],
          [ 2.4350e-02,  1.4229e-02,  2.7385e-02,  1.5944e-02, -2.5535e-02],
          [-7.0734e-03,  1.3125e-02, -2.8963e-03,  3.0661e-02, -3.1588e-02]],

         [[ 3.2607e-02,  2.9751e-02,  3.2918e-02,  2.2644e-02,  2.1254e-02],
          [-3.5285e-02, -2.4182e-02,  1.4109e-02,  3.3707e-02, -9.1116e-03],
          [-1.2369e-02,  1.2130e-03, -3.4862e-02,  1.8803e-02, -2.7179e-02],
          [-2.4900e-02, -3.2006e-02, -2.7815e-02,  2.7559e-02,  3.2030e-02],
          [-2.5188e-02, -4.2120e-03, -2.7738e-02,  1.3082e-02, -3.1510e-02]],

         [[-7.4343e-03,  2.0428e-02,  1.0923e-02,  7.1052e-03, -2.0094e-02],
          [ 2.9480e-02,  1.9552e-04, -1.8236e-03, -2.0140e-02,  2.2605e-02],
          [-8.1077e-03,  1.5638e-02,  1.4700e-02, -3.2383e-02, -2.4570e-02],
          [-2.4713e-02,  1.7929e-02, -1.1058e-02,  1.5634e-02, -1.5308e-02],
          [ 3.4950e-02, -4.6535e-03,  2.7009e-02,  1.1634e-02,  1.6963e-04]]]],
       device='mps:0')
resnet_model.2.bias: tensor([ 0.0342,  0.0321, -0.0031,  0.0107,  0.0118, -0.0275,  0.0050, -0.0070,
         0.0114, -0.0241,  0.0214,  0.0008,  0.0299,  0.0240,  0.0034, -0.0192,
        -0.0285,  0.0051, -0.0160,  0.0067, -0.0249,  0.0145, -0.0245, -0.0027,
        -0.0029,  0.0268, -0.0133, -0.0173,  0.0304, -0.0214, -0.0053,  0.0024,
         0.0160,  0.0264, -0.0314,  0.0005, -0.0009,  0.0197, -0.0188,  0.0036,
        -0.0040,  0.0345, -0.0342, -0.0049, -0.0135,  0.0271,  0.0151, -0.0008,
        -0.0009,  0.0277, -0.0055, -0.0065,  0.0100, -0.0144,  0.0307, -0.0010,
        -0.0048,  0.0248,  0.0304, -0.0073,  0.0109,  0.0107,  0.0069, -0.0056],
       device='mps:0')
resnet_model.4.weight: tensor([[-0.0162,  0.0051,  0.0036,  ...,  0.0105,  0.0091, -0.0005],
        [ 0.0021, -0.0103, -0.0165,  ..., -0.0018, -0.0002,  0.0094],
        [ 0.0150, -0.0094,  0.0043,  ...,  0.0037, -0.0007, -0.0174],
        ...,
        [-0.0121,  0.0144, -0.0168,  ...,  0.0044,  0.0025,  0.0116],
        [-0.0157,  0.0074, -0.0044,  ...,  0.0005,  0.0142, -0.0053],
        [ 0.0168,  0.0069, -0.0138,  ..., -0.0077, -0.0028,  0.0142]],
       device='mps:0')
resnet_model.4.bias: tensor([-1.7221e-02, -1.4705e-02,  7.4987e-03, -1.3341e-02,  1.5601e-02,
         1.4052e-02,  1.3577e-02,  1.3344e-02, -1.3706e-02,  1.6790e-02,
        -9.3047e-03,  7.0437e-03,  3.9751e-03,  7.9883e-03, -1.3317e-02,
        -1.6706e-02, -5.0842e-03, -1.4478e-02,  1.1174e-02,  1.7603e-02,
         3.9094e-03,  1.0111e-02,  8.5957e-03,  1.3898e-03,  1.8322e-03,
        -1.5587e-02,  1.0642e-02,  1.3157e-02, -1.5698e-02,  1.6483e-02,
         3.8015e-03,  1.0641e-02,  5.6942e-03, -1.4937e-02, -1.6145e-02,
         9.9869e-03,  7.9265e-03, -1.6029e-02,  6.0945e-03,  1.7029e-02,
        -1.0738e-02,  2.5911e-03, -3.1676e-03,  1.2551e-02, -1.5022e-02,
        -5.0181e-03,  8.4071e-04,  1.1934e-02, -8.0140e-03, -2.7660e-03,
        -3.1668e-03,  6.5034e-03,  1.5534e-02, -1.7671e-02, -2.4327e-03,
         4.1791e-03, -1.0746e-02, -4.4631e-03, -1.2046e-02, -9.4348e-03,
         6.4060e-04,  1.3660e-02, -5.4744e-03,  8.9893e-03,  1.1837e-02,
        -4.7032e-03, -1.7666e-04,  6.1619e-03,  4.6854e-03, -5.9798e-03,
        -1.0179e-02,  1.4652e-02, -4.2820e-03, -5.4112e-03,  2.0460e-03,
        -1.7354e-02, -1.7370e-02, -7.8695e-03, -1.6764e-02, -7.7169e-03,
         5.2294e-03, -1.6662e-02, -6.4817e-03, -8.2693e-04,  1.2282e-02,
         1.3807e-02,  8.4147e-03, -3.0407e-03,  1.4166e-02,  1.2260e-02,
         1.6794e-02, -3.0962e-03, -3.7775e-03,  9.4636e-03, -1.0330e-02,
        -9.8030e-03,  3.2560e-03,  1.6053e-02,  1.0280e-02,  2.3774e-03,
         5.3681e-03, -2.9782e-04, -7.0848e-03, -1.6113e-02,  1.3076e-02,
         1.1063e-02,  4.5399e-03, -5.0044e-03, -6.3694e-03, -7.7654e-03,
         1.0437e-02, -1.6014e-02,  1.1820e-02, -5.5018e-03, -2.3098e-03,
        -6.1702e-03, -7.2889e-03, -1.7781e-03, -1.4854e-02, -1.6049e-02,
         1.4987e-02, -5.0518e-03, -1.3370e-02,  1.4598e-03, -7.5634e-03,
        -4.7898e-03,  6.6055e-03,  1.7011e-02,  7.0853e-03, -8.6799e-04,
        -7.1856e-03, -1.2876e-02,  5.7038e-03, -1.4486e-02,  2.6628e-03,
         2.1036e-03,  1.3276e-02, -5.4023e-04,  3.4305e-03, -1.6328e-02,
        -1.1858e-02,  1.6677e-02,  6.1734e-03, -6.1819e-03,  1.0133e-02,
         9.6808e-03,  1.3161e-02, -8.2057e-03,  1.3769e-02,  7.8831e-03,
        -1.2676e-02, -2.1774e-03, -1.4052e-02,  6.5931e-03, -1.3061e-02,
         1.0101e-02,  8.1259e-03,  3.3947e-03, -1.0944e-03,  2.0231e-03,
        -9.6675e-04,  1.0820e-02, -1.6290e-02,  4.9971e-03,  7.0288e-03,
         4.0663e-03, -1.1646e-02, -7.4241e-03, -1.7727e-02,  1.5093e-02,
        -8.0573e-03,  3.9716e-03,  1.7072e-02, -1.3081e-02,  1.6689e-04,
         9.7179e-03, -1.2254e-02, -1.2501e-02,  7.3658e-04,  5.2499e-03,
         1.7569e-02, -4.5355e-03, -1.2779e-02, -1.0904e-02,  1.2876e-02,
         2.7309e-03, -1.2263e-02,  1.4892e-02,  1.3539e-02,  1.4972e-02,
         1.2763e-02,  3.8724e-03, -1.6233e-02, -2.0626e-03,  6.9142e-03,
         1.4983e-02, -1.5017e-02,  2.1030e-03,  6.0574e-03, -1.0565e-02,
        -5.2653e-03,  9.9673e-03,  3.0810e-03,  1.1538e-02, -1.2951e-02,
        -3.7672e-03,  4.7927e-03, -5.7456e-04,  1.0639e-02, -1.1017e-02,
         8.4804e-03,  6.4471e-04, -1.2007e-02, -1.1266e-03, -1.5762e-02,
         1.3360e-04,  1.5654e-02,  7.1461e-03, -1.3594e-02, -8.9395e-03,
         1.0307e-02,  2.0102e-03,  1.0193e-02, -1.0811e-02,  2.2635e-03,
         1.9329e-03,  4.1366e-03, -8.4945e-03, -6.3864e-03,  9.2059e-03,
        -5.8473e-03, -5.5789e-03, -7.9492e-03,  8.8636e-03, -4.9193e-03,
         7.7037e-03, -9.4391e-03, -1.0272e-03, -9.7134e-06,  7.7363e-03,
         1.4372e-02, -1.7157e-02, -5.5116e-03,  1.6684e-02, -3.7214e-03,
        -6.8729e-03, -8.1022e-03, -1.3957e-02, -1.6608e-02, -5.0231e-03,
         7.4205e-03,  8.4891e-03, -5.8750e-03,  1.0241e-02, -1.1143e-02,
        -1.2181e-02, -2.6147e-03,  1.6256e-03,  1.5656e-03,  1.7406e-02,
         1.0612e-02,  8.6250e-03,  1.1229e-05, -3.4995e-03,  1.1958e-02,
        -1.5277e-02, -1.3968e-02, -1.7636e-02,  4.5067e-03, -3.7690e-04,
         1.6227e-02, -5.0668e-03,  5.0589e-03, -6.2727e-03,  1.0792e-02,
        -4.8820e-03, -1.7179e-02, -1.0452e-03,  1.2968e-02,  5.7658e-03,
         4.9548e-03, -1.2454e-02, -1.0719e-02, -1.4825e-03,  7.6094e-03,
        -5.1798e-03, -3.8562e-03, -4.3328e-05,  4.1094e-03,  1.6374e-02,
        -1.1659e-02, -6.3654e-03,  1.0231e-02, -1.7423e-02, -7.1683e-04,
         1.1401e-02, -5.4280e-03,  2.9213e-03, -9.8319e-03, -1.3619e-02,
        -1.3624e-03,  1.6915e-02, -9.4262e-03, -4.2255e-03,  1.7093e-02,
         3.2382e-03,  1.1785e-02,  1.1122e-02,  1.4615e-02,  9.4276e-03,
        -4.4212e-03,  4.5520e-03,  1.6138e-02, -1.4371e-03,  1.5646e-03,
        -1.6287e-02,  1.6036e-02, -1.1422e-02, -1.7263e-02,  1.5043e-02,
         2.5777e-03, -2.2355e-03,  1.7399e-02, -1.6907e-02, -2.2256e-03,
        -1.6506e-02, -1.7743e-02,  1.4966e-02,  1.3042e-02,  8.7284e-03,
         5.2929e-03,  4.1201e-03, -1.7203e-02, -3.5975e-03, -8.4752e-03,
         1.0539e-02,  1.6623e-02,  8.7351e-03, -8.3925e-03, -1.6926e-02,
         2.9652e-03, -1.6683e-02,  9.4134e-03,  6.5751e-04, -8.6063e-03,
        -1.2366e-02,  5.8200e-03, -1.6546e-02, -4.4042e-03,  3.5298e-03,
         3.4865e-03, -1.1168e-02,  1.3686e-02,  8.7565e-03,  9.1422e-03,
         1.1002e-02, -5.8412e-03,  1.2133e-02, -8.9836e-03,  3.7323e-03,
         6.0543e-03,  9.5002e-03, -1.5806e-02,  8.9232e-03,  3.0876e-03,
         1.7242e-02, -1.5464e-02, -8.7909e-03,  6.4516e-03, -1.2224e-02,
        -1.1051e-02, -9.7388e-03, -7.4098e-03, -1.6569e-02,  9.1783e-03,
         2.9691e-03, -1.4075e-02, -1.8350e-03,  1.5111e-02, -1.9479e-03,
        -9.8954e-03, -1.7160e-03,  1.2874e-02,  8.6863e-03,  1.5163e-02,
         6.1649e-03,  1.7291e-02, -1.2146e-02,  2.3118e-03,  1.6622e-02,
         6.4239e-03, -1.2897e-02,  9.7210e-03,  8.0300e-03,  1.3230e-02,
         8.8830e-03,  1.7367e-02, -5.0689e-03,  9.4000e-03,  4.8471e-03,
        -1.0818e-02,  4.4632e-03,  5.4212e-03,  1.0100e-02,  1.0532e-02,
         8.7407e-03, -1.2821e-02,  7.1663e-03,  8.2003e-05, -2.9111e-03,
         8.8389e-03, -1.2693e-02, -7.2300e-03, -1.0701e-02,  1.1364e-02,
         1.6089e-02,  6.7962e-04,  5.4773e-03,  9.9796e-04,  1.7043e-02,
         8.7751e-03, -1.2417e-02,  2.1121e-03,  8.9945e-03, -3.0231e-03,
        -7.5493e-03,  1.6544e-02, -6.9874e-03,  2.2797e-05, -1.1217e-03,
        -1.1568e-02, -1.2698e-03,  1.1235e-02,  1.3584e-03, -3.0572e-03,
        -1.3489e-02,  6.2821e-03,  1.0257e-02,  1.2560e-02, -1.5191e-02,
         9.5816e-03, -1.2695e-02, -1.0439e-02, -1.4516e-02,  1.0721e-03,
         1.6662e-02, -1.1709e-03,  1.2341e-02, -5.6451e-03, -1.1175e-02,
         4.0651e-03, -3.4212e-04,  6.7231e-03,  3.5437e-03,  1.7800e-02,
        -6.1841e-03,  1.4837e-03,  1.7330e-02,  4.3127e-03,  9.1738e-03,
        -1.8420e-04, -1.7070e-02, -1.1428e-02,  5.6617e-03, -3.4234e-03,
         5.2541e-03,  4.5862e-03,  1.2017e-02, -7.0101e-03,  3.6132e-03,
        -1.0542e-02, -3.4443e-03,  5.0501e-03, -1.7805e-02,  8.2712e-03,
         1.7007e-02, -2.7308e-03, -4.0780e-03,  2.0900e-03, -1.2321e-02,
        -4.6455e-03, -1.0521e-02,  5.1719e-03,  5.3199e-03,  1.0483e-02,
         1.4063e-02, -1.4532e-02, -7.9933e-03,  1.0436e-02, -7.5094e-03,
         1.6622e-02,  1.5859e-02,  7.6945e-03,  1.2966e-02, -6.8522e-03,
        -3.9866e-03,  1.5590e-02,  1.5833e-02, -3.2032e-03, -2.7225e-03,
         1.3457e-02, -1.1894e-02,  1.6013e-02,  1.3884e-02, -7.3728e-03,
        -1.4884e-02,  1.1784e-02, -7.7280e-03, -9.8550e-03, -1.0013e-02,
        -1.1883e-02, -6.0393e-03], device='mps:0')
resnet_model.5.weight: tensor([[-0.0079, -0.0162,  0.0306,  ..., -0.0104,  0.0121,  0.0364],
        [ 0.0081,  0.0375,  0.0291,  ...,  0.0317, -0.0376, -0.0295],
        [ 0.0046,  0.0102, -0.0224,  ...,  0.0235,  0.0331,  0.0176],
        ...,
        [ 0.0199, -0.0027,  0.0214,  ..., -0.0373,  0.0108,  0.0224],
        [-0.0396,  0.0229, -0.0114,  ...,  0.0368,  0.0413,  0.0422],
        [-0.0420,  0.0335, -0.0049,  ..., -0.0120,  0.0371, -0.0330]],
       device='mps:0')
resnet_model.5.bias: tensor([-0.0065, -0.0407,  0.0345, -0.0087, -0.0233, -0.0147, -0.0339,  0.0149,
        -0.0198,  0.0045], device='mps:0')
cnn_model.0.weight: tensor([[[[ 1.9193e-01, -6.5495e-02,  1.7375e-01,  5.7618e-02,  5.5485e-02],
          [-1.4149e-01,  6.3817e-02, -7.8829e-02, -1.1967e-01,  3.0298e-02],
          [ 4.7874e-02, -1.7269e-01, -6.6262e-02, -1.3719e-01, -4.6916e-02],
          [-1.4611e-01,  1.3681e-01, -1.5055e-01, -5.9316e-02, -1.4628e-01],
          [-6.4830e-02, -1.0767e-01, -3.5212e-02,  3.7100e-02,  3.0153e-02]]],


        [[[ 3.7251e-02, -1.1162e-01,  1.6202e-01,  1.8923e-01, -1.6691e-01],
          [-2.7273e-02, -3.3228e-02, -1.3967e-01, -1.2788e-01, -1.4840e-01],
          [ 6.7266e-02, -1.0134e-01, -1.0822e-01,  1.1641e-01, -1.5247e-01],
          [ 1.1619e-01,  1.3075e-01, -1.0626e-01, -1.4194e-01, -7.3215e-03],
          [ 2.1448e-01,  6.9189e-02, -9.9488e-02,  4.1932e-02, -9.7370e-02]]],


        [[[-1.6773e-01,  2.0666e-01,  1.7771e-01,  1.2607e-01,  9.2285e-02],
          [-2.0102e-01,  9.2478e-02,  2.0993e-01, -4.1128e-02, -1.5297e-01],
          [ 1.3489e-01,  1.7068e-01, -2.0702e-02, -1.9932e-01, -1.4422e-01],
          [ 6.5281e-02,  3.2810e-01,  3.4062e-02,  1.4876e-01,  4.4142e-02],
          [ 2.0673e-01,  2.8647e-01,  2.4666e-01,  1.1650e-01, -8.6441e-02]]],


        [[[-4.7494e-02,  1.2002e-01,  1.8850e-01, -2.2289e-02,  1.7087e-01],
          [-4.6590e-02,  1.5264e-02,  2.0152e-01, -1.3413e-01,  2.8509e-03],
          [-1.5926e-01,  6.2132e-02,  3.6012e-02, -4.5068e-02, -8.6479e-02],
          [-1.6755e-01, -2.9435e-02, -1.1797e-01, -1.0242e-01, -8.9933e-02],
          [-2.0061e-01, -1.8812e-01,  4.9418e-02,  1.9256e-01,  1.9581e-01]]],


        [[[ 2.2607e-01,  2.2339e-01, -1.8760e-02, -1.3418e-01,  1.3885e-01],
          [-4.3418e-02,  1.9906e-01,  1.9617e-01,  1.8411e-01,  2.1134e-01],
          [ 1.0747e-01, -8.9923e-02, -1.5028e-01, -1.4602e-02, -1.7391e-01],
          [ 5.1269e-02, -1.8881e-01,  9.2140e-02, -2.0612e-01,  1.5201e-02],
          [-1.1644e-01, -1.9600e-01, -1.4181e-01,  1.4787e-01,  9.8479e-02]]],


        [[[-1.0400e-01, -8.9507e-02,  2.0130e-01, -3.5691e-02,  1.0626e-01],
          [-1.1864e-01,  1.5726e-01,  7.0482e-02,  2.4392e-01,  2.5464e-01],
          [ 1.5113e-01, -3.7298e-02,  1.4442e-01,  1.8256e-01, -1.2485e-01],
          [-1.6847e-01, -9.3966e-03,  1.7931e-01, -6.0907e-02,  1.5802e-01],
          [-1.8818e-01,  1.0841e-01, -9.8926e-02,  8.6161e-02,  1.0775e-01]]],


        [[[ 9.8863e-02, -9.6364e-02, -3.0073e-02, -5.6150e-02, -1.8626e-01],
          [-1.0208e-01, -2.6997e-03,  1.9157e-01, -7.7617e-02, -6.6029e-04],
          [ 5.8180e-02, -7.2749e-02, -1.9527e-01,  1.0080e-01, -8.1452e-02],
          [-1.9060e-01,  1.8074e-01, -1.6688e-02, -1.6526e-01,  1.0235e-01],
          [ 3.1654e-03, -1.9092e-01,  5.8021e-02, -7.8788e-02, -6.5022e-02]]],


        [[[ 1.9308e-01,  2.3887e-01,  1.3852e-01,  1.5744e-01, -8.4049e-02],
          [-7.2554e-02,  5.8996e-02,  5.9686e-02,  2.3027e-01,  7.4120e-02],
          [-1.0852e-02,  5.9124e-02, -1.2045e-01, -7.1892e-02,  1.8285e-01],
          [ 1.8394e-01, -1.0040e-01,  1.8599e-01,  1.7334e-02, -1.3198e-01],
          [-3.1875e-03, -1.7905e-01,  7.9094e-02, -2.1914e-01,  2.5878e-02]]],


        [[[-1.8054e-01,  1.0385e-01, -4.7938e-02,  1.6990e-01,  1.2557e-01],
          [ 5.0016e-02, -1.3056e-01, -1.4833e-01,  6.9178e-02,  1.1133e-01],
          [-2.0738e-01, -1.6065e-01,  1.0650e-01, -7.0328e-02,  2.4580e-01],
          [ 7.1310e-02, -1.8496e-01, -7.0385e-03,  2.0862e-02,  1.6289e-01],
          [-6.1731e-02, -1.7095e-01, -7.4769e-02,  1.5650e-01,  1.9234e-01]]],


        [[[ 1.1813e-01,  4.0982e-02, -1.5218e-02, -1.1419e-01, -5.7917e-02],
          [-1.6575e-01,  5.7727e-02,  7.7326e-02,  1.8723e-01, -8.0837e-03],
          [ 1.0893e-01,  8.8921e-02, -1.3489e-02, -1.3522e-01, -5.4276e-02],
          [-5.1923e-02, -1.5690e-01, -8.6122e-02,  2.0273e-01,  2.0453e-02],
          [-9.0496e-02,  6.5798e-02,  1.2310e-01, -6.6109e-02,  1.5895e-01]]],


        [[[ 1.2184e-01, -4.1803e-02,  2.2556e-01, -3.5063e-03,  2.3961e-02],
          [-1.8954e-01,  1.9268e-01, -6.1465e-02,  1.0432e-01, -9.5020e-02],
          [ 2.3187e-02,  2.7618e-01,  2.0720e-02, -9.1991e-02, -7.8926e-02],
          [ 2.5724e-01,  1.2998e-01,  1.6913e-01,  8.8069e-02,  8.7510e-02],
          [ 1.1601e-01,  2.4506e-01,  2.0198e-02,  2.2518e-02, -9.9567e-03]]],


        [[[ 9.0924e-02, -1.1396e-01,  2.4896e-02,  4.7071e-02, -9.2978e-02],
          [ 1.9251e-01,  3.1861e-02,  7.2286e-02, -5.2063e-02, -6.7811e-02],
          [-2.2972e-02,  7.2325e-02,  4.9204e-02, -1.1817e-01,  1.2273e-01],
          [ 4.8650e-02, -1.1240e-01,  1.0102e-01,  6.8260e-02,  1.1054e-01],
          [-1.9207e-01, -1.6290e-01, -1.7382e-01, -5.0730e-02, -1.3454e-01]]],


        [[[-1.3022e-01,  1.0998e-01, -1.1671e-01,  2.0410e-02, -7.1453e-02],
          [-1.9114e-03,  3.2451e-03,  1.8795e-01, -1.2512e-01, -1.9483e-01],
          [-1.6303e-01,  1.6463e-01,  4.3248e-02, -1.2386e-01,  1.5154e-01],
          [ 1.0395e-01,  8.6452e-02, -3.1163e-03, -1.6670e-01, -1.3488e-02],
          [-3.6120e-02, -6.2744e-02, -1.6437e-01,  9.6928e-02,  1.6237e-01]]],


        [[[-6.1794e-02,  3.3038e-02,  8.5216e-02,  1.9433e-01, -1.7716e-01],
          [-1.3444e-01, -1.5309e-01, -9.8703e-02,  1.4015e-02,  1.3029e-01],
          [-1.1358e-01,  1.6573e-01,  2.1853e-01,  8.7040e-02,  1.4052e-01],
          [-5.3467e-03,  1.4433e-01,  1.0005e-01,  1.7460e-01,  1.1571e-01],
          [ 3.4018e-03,  1.8495e-01,  1.2948e-01, -7.4264e-03, -1.2093e-03]]],


        [[[-1.2644e-04, -7.2644e-02, -7.7529e-02, -1.3290e-01, -1.9774e-01],
          [ 1.2874e-01,  1.4289e-01,  1.6271e-01,  1.7784e-01, -7.5743e-02],
          [-1.5355e-01, -9.2844e-03, -1.1816e-02,  1.2076e-01, -7.3945e-02],
          [ 1.3276e-01,  4.8532e-02, -1.7098e-02, -1.7726e-01,  1.2763e-01],
          [ 2.3848e-02,  1.5288e-01, -9.1254e-02, -4.5242e-03, -1.5653e-02]]],


        [[[ 1.0593e-01,  2.7925e-02, -1.4465e-01,  1.5713e-02, -3.2793e-02],
          [ 1.8571e-01, -2.4771e-02,  1.8331e-02, -1.0983e-01, -7.6668e-03],
          [-4.2559e-02,  1.9545e-01, -1.5904e-01,  1.8019e-01,  4.5858e-02],
          [ 1.3521e-01,  7.5044e-02,  3.3932e-02, -1.4227e-01,  1.9916e-01],
          [ 1.8010e-01, -1.5745e-01, -7.1592e-02,  1.5613e-01,  2.6356e-02]]],


        [[[-1.1614e-01,  1.2224e-02,  3.7116e-03, -1.4708e-01,  1.2021e-01],
          [ 7.4986e-02,  4.3239e-02, -1.8094e-01, -1.5844e-01,  1.7189e-01],
          [-5.6082e-02,  4.1112e-02, -2.0251e-02, -1.2101e-02,  6.1590e-02],
          [-2.3096e-02, -2.0424e-02,  5.5943e-02, -7.8057e-02, -5.1976e-02],
          [ 8.7802e-02, -1.4217e-01, -1.7951e-01, -3.7907e-02, -4.3071e-02]]],


        [[[ 1.3951e-02,  4.1507e-02,  2.2447e-01,  1.1917e-01, -1.4801e-01],
          [ 9.5643e-02, -2.5701e-03,  1.4372e-01, -1.3605e-01,  7.7552e-02],
          [ 1.3639e-04, -1.8758e-02, -1.5424e-01, -7.6584e-02,  1.0427e-01],
          [-1.4123e-01, -1.6340e-01,  1.7542e-02, -1.3564e-01, -6.3383e-02],
          [-7.0959e-03,  1.9964e-01,  4.0798e-02, -1.5897e-01,  3.8652e-02]]],


        [[[ 1.3901e-01,  8.3521e-02,  8.6935e-02, -1.1156e-02,  9.1067e-02],
          [-8.8180e-03,  3.2362e-02, -1.3698e-01, -2.4368e-02,  1.4234e-02],
          [-1.2091e-01, -1.7448e-01, -1.1358e-01,  1.1125e-01,  1.1437e-01],
          [ 7.6988e-02, -1.2469e-01,  8.9592e-02,  1.5385e-02,  4.7798e-03],
          [ 1.4619e-01, -8.3447e-02,  7.1999e-02, -2.9079e-02, -5.7211e-02]]],


        [[[-5.2966e-02, -4.0085e-02, -1.9301e-01,  1.6518e-01, -7.0299e-02],
          [ 1.5080e-01,  6.4444e-02, -2.1628e-02, -1.5187e-01, -9.7637e-02],
          [ 1.0758e-01,  1.2435e-01,  7.8652e-02, -2.1936e-02,  6.0561e-02],
          [ 2.3882e-01,  7.5459e-02,  9.8851e-02,  1.1767e-01,  4.6984e-02],
          [-1.1065e-01,  1.8932e-01,  8.2429e-02, -1.2754e-01,  5.8376e-02]]],


        [[[ 1.1578e-01,  2.1380e-02, -6.4784e-02,  1.0406e-01,  5.3452e-03],
          [ 1.4888e-01, -1.4716e-01, -1.7872e-01, -1.4229e-01,  1.4946e-01],
          [-1.6866e-01, -1.1756e-01, -1.0993e-01,  8.9662e-02, -6.0601e-02],
          [ 6.1748e-02,  1.6511e-01, -1.0398e-01, -1.4694e-02, -1.1337e-01],
          [ 1.2019e-01,  2.1228e-01,  2.2206e-01,  5.8163e-02, -1.6133e-01]]],


        [[[ 1.6925e-01, -5.8865e-02,  3.4058e-02,  1.5337e-02, -2.7744e-02],
          [-1.6622e-02, -5.3359e-02, -1.8308e-01,  4.7859e-02,  1.0348e-01],
          [ 1.8510e-01,  2.7011e-02, -1.3516e-01, -1.4926e-01, -1.6877e-01],
          [ 5.4727e-02,  1.8697e-01,  2.6000e-02, -1.5102e-01,  1.0078e-01],
          [ 1.5838e-01,  7.0441e-02,  7.3716e-02,  4.3137e-02,  1.0100e-02]]],


        [[[ 9.6307e-02,  1.7524e-01, -5.1253e-02, -8.5599e-02,  3.0312e-03],
          [-1.9163e-01,  3.2995e-02,  1.2999e-01, -1.2792e-01,  5.5581e-02],
          [ 1.3666e-01,  4.5072e-04,  8.6471e-02, -1.6908e-01,  7.0056e-02],
          [-3.9604e-02, -1.8726e-01,  2.0228e-01, -1.7965e-01,  3.0441e-02],
          [ 5.1218e-02,  1.3041e-01, -4.2650e-02, -3.9641e-02, -3.5758e-02]]],


        [[[ 1.5141e-02, -9.1323e-02,  9.6473e-02,  1.5681e-01, -3.0019e-02],
          [-5.1709e-02,  3.6744e-02, -1.3691e-01, -1.3908e-01, -1.4879e-01],
          [ 1.6121e-01, -4.8615e-03, -1.5388e-01,  1.4466e-01,  4.1133e-02],
          [ 1.6617e-01,  6.5031e-02,  1.8729e-01,  1.0218e-01,  1.1999e-01],
          [-1.5711e-01,  4.0958e-02,  6.7198e-02, -4.5074e-02, -5.3708e-02]]],


        [[[ 1.1879e-01, -1.8159e-01, -1.9831e-01,  9.0025e-03, -6.2812e-02],
          [-7.7969e-03,  8.2576e-02,  5.9616e-02, -1.3381e-01, -1.0066e-01],
          [ 8.9571e-02,  1.7396e-01, -1.6476e-01,  1.9444e-01,  1.2794e-01],
          [-1.1330e-01, -5.3591e-02, -9.0782e-02,  7.6791e-02, -1.6017e-01],
          [-1.6043e-01, -6.4498e-02,  8.3194e-02, -1.3392e-01,  2.3615e-02]]],


        [[[-1.5265e-01,  1.7759e-01,  5.4170e-02, -6.5781e-02,  9.6995e-02],
          [ 6.7090e-02, -1.1363e-01, -6.8336e-02,  4.8337e-02, -2.0514e-02],
          [ 3.3904e-02,  1.1499e-02,  9.1562e-02, -1.9567e-01,  1.6664e-01],
          [-1.9078e-01, -5.9604e-03, -1.2935e-01,  4.6668e-02,  2.8485e-03],
          [ 3.0450e-02,  1.1823e-02, -1.7709e-01, -6.8390e-02,  2.0458e-01]]],


        [[[ 1.2579e-01,  7.3465e-03, -1.1402e-01,  1.6299e-01,  1.4762e-01],
          [-1.9761e-01, -6.6006e-02, -1.6696e-01,  4.1331e-02,  3.7176e-02],
          [-2.0442e-01,  1.3664e-01,  5.7004e-02,  6.0210e-02, -1.6580e-01],
          [-7.6865e-02,  4.2948e-02, -4.5867e-02, -1.8393e-02,  5.7703e-02],
          [ 1.8850e-01,  1.8162e-01, -1.6654e-01,  1.0541e-01, -6.8782e-03]]],


        [[[ 1.5217e-01, -1.8159e-01, -2.8070e-02,  1.7387e-01,  2.9861e-02],
          [-1.7294e-01,  1.9710e-01, -1.2522e-01, -2.0016e-01,  9.6509e-02],
          [ 7.0815e-02,  3.8394e-02,  7.9521e-02,  3.0429e-02, -2.0803e-02],
          [ 5.9666e-02,  3.3903e-02,  1.1681e-01, -1.6874e-02, -2.0564e-02],
          [-1.7639e-01,  5.8769e-02, -8.1499e-03, -1.8251e-01,  5.5380e-02]]],


        [[[-1.9907e-01,  1.5536e-01, -2.0893e-02, -5.8607e-02,  6.9471e-02],
          [-1.3255e-01, -7.7396e-02,  1.7314e-01, -4.1755e-02, -1.0753e-01],
          [-1.3985e-01, -8.2912e-02,  1.6841e-01, -1.9329e-01,  5.3567e-02],
          [-3.3639e-02,  1.4515e-01,  7.0351e-03, -1.9012e-01, -1.8336e-01],
          [ 1.7271e-01,  1.7762e-01,  2.1154e-01, -7.0781e-03,  1.1380e-02]]],


        [[[-1.8154e-01,  6.0104e-02,  1.8604e-01, -4.2250e-02, -3.3246e-02],
          [ 8.2310e-04,  1.9979e-01, -7.8564e-02, -4.3987e-02, -2.1230e-01],
          [ 1.6593e-01,  2.6555e-01,  2.1716e-01, -1.7822e-02, -1.4602e-01],
          [ 1.4583e-01, -1.0674e-02,  2.2759e-01,  1.1969e-01,  2.9924e-02],
          [ 2.8631e-01,  1.7913e-01,  2.3640e-01,  1.6298e-01,  6.4418e-02]]],


        [[[ 2.0050e-01,  5.1041e-02,  1.0787e-01, -1.7593e-01, -1.2245e-01],
          [ 4.7015e-02,  2.1323e-01, -8.5312e-03, -1.6248e-02, -1.4353e-01],
          [ 4.4207e-02, -6.7684e-02, -1.1681e-01,  1.1721e-01,  4.0348e-03],
          [-1.0818e-01, -1.2868e-01, -1.9989e-01,  3.5063e-02, -1.2745e-02],
          [-1.0496e-01, -1.9499e-02, -2.0391e-03,  5.4447e-02,  4.8970e-02]]],


        [[[-4.6762e-02,  1.0023e-01, -1.9332e-01,  1.0883e-01,  1.5943e-01],
          [ 1.0729e-01,  8.6628e-02,  3.8657e-02, -1.7235e-01, -1.8524e-01],
          [-1.7766e-01, -1.3856e-01, -1.9247e-01, -1.5983e-01,  3.1829e-03],
          [-6.4661e-02,  1.7695e-01,  1.1177e-01,  1.4269e-01, -1.4021e-01],
          [-1.7662e-01,  8.5672e-03,  2.2024e-03,  1.5393e-01,  4.6509e-02]]]],
       device='mps:0')
cnn_model.0.bias: tensor([ 0.0576,  0.0959,  0.0034,  0.0550,  0.1053, -0.0320, -0.1296,  0.0003,
         0.0432, -0.0281, -0.0076,  0.0356, -0.0025, -0.0133,  0.0300,  0.0422,
         0.1915,  0.0026, -0.0037,  0.0354, -0.1520,  0.1078, -0.1656, -0.1127,
         0.1448,  0.0986,  0.0853, -0.1877,  0.0250, -0.0838,  0.2162,  0.1556],
       device='mps:0')
cnn_model.3.weight: tensor([[[[-1.6920e-02, -2.7763e-02, -2.8684e-02,  2.0707e-02, -2.3872e-03],
          [ 3.0247e-03, -2.6533e-02, -1.7949e-02,  2.4528e-02,  3.1155e-02],
          [-3.5874e-02, -9.8045e-03,  1.9648e-02,  4.5971e-03,  2.5959e-02],
          [-2.6413e-02, -3.4850e-02,  2.1741e-02, -5.7752e-03,  1.4459e-02],
          [-3.3858e-02,  7.8819e-03, -2.2670e-02, -1.4959e-02,  1.1921e-02]],

         [[ 4.8491e-03, -2.6306e-02, -3.4285e-02, -8.6814e-03,  1.5167e-02],
          [-2.6207e-02, -3.6376e-02, -3.5013e-03,  3.5858e-02,  3.2913e-02],
          [ 3.0660e-02,  3.2061e-03,  2.0092e-02, -2.7990e-02, -5.5486e-03],
          [-8.1841e-03, -6.1259e-03,  3.2674e-02, -8.7350e-04,  3.4335e-02],
          [ 1.1169e-02, -5.8884e-03,  1.0574e-02, -8.6746e-03,  3.1789e-02]],

         [[-1.3586e-02, -2.2729e-02,  3.3852e-02,  1.2366e-02,  2.1309e-02],
          [-4.6878e-03, -3.1757e-02,  2.6222e-02, -5.0523e-03,  1.3078e-02],
          [-2.1481e-02,  1.0129e-02,  1.5077e-02, -1.5910e-02, -6.9435e-03],
          [-2.3279e-02,  3.3237e-02,  1.2800e-03,  1.8353e-02,  2.9667e-02],
          [-1.0662e-02, -1.3349e-02, -1.3123e-02, -2.0965e-02,  2.8181e-02]],

         ...,

         [[ 4.8039e-03, -1.6256e-02,  4.1081e-02,  3.6522e-02, -3.6768e-02],
          [-2.5174e-02, -4.1661e-03,  1.9696e-02,  2.0255e-02,  6.9474e-03],
          [ 1.0900e-02,  2.4805e-02,  3.5871e-02,  1.9128e-02,  4.4489e-03],
          [-3.6167e-02, -2.2348e-02, -1.3773e-02,  4.1521e-03,  3.0869e-03],
          [ 3.4424e-02, -2.3985e-02, -5.2446e-03,  1.5716e-02,  2.0099e-02]],

         [[ 1.0542e-02,  1.4277e-02, -3.0586e-02, -2.5187e-02,  1.4769e-02],
          [ 2.7647e-02, -3.0300e-02, -2.4480e-03, -4.2238e-03,  2.2699e-02],
          [-2.2809e-02, -1.8536e-02, -2.7962e-02, -2.1955e-02,  5.7974e-03],
          [-6.8331e-04, -2.8243e-02,  1.4752e-02, -2.2314e-02, -1.9018e-02],
          [ 2.5519e-02, -1.4443e-02, -1.4293e-02,  7.3248e-03,  1.6495e-02]],

         [[-1.6611e-02,  2.4132e-02, -1.0289e-02, -1.2625e-02,  9.5984e-03],
          [ 1.9330e-02,  2.8677e-02, -1.3339e-03, -3.4224e-02,  1.7126e-02],
          [-2.5561e-02,  7.3267e-03, -2.6763e-02,  2.0553e-02, -2.5042e-02],
          [-3.1756e-02, -3.1270e-02, -2.7039e-02,  1.6425e-02, -1.2416e-02],
          [-6.7920e-03, -7.7406e-03, -5.8884e-03, -9.3233e-03, -2.1912e-02]]],


        [[[ 1.2419e-02, -3.0381e-02,  3.0575e-02, -3.5267e-02, -4.9648e-03],
          [ 2.2545e-02, -2.7024e-02, -1.6248e-02, -3.1887e-02, -2.8395e-02],
          [ 5.8443e-03,  2.3128e-02, -9.4641e-03, -1.4508e-02, -2.1871e-02],
          [ 1.3466e-02,  3.2488e-02, -1.9864e-02,  1.4358e-02,  2.6574e-02],
          [-4.4607e-03,  7.8140e-04,  1.4151e-02, -2.6478e-02,  1.4873e-02]],

         [[-2.1654e-03,  2.4954e-02,  1.0710e-02, -3.6076e-02,  4.3457e-03],
          [-4.3238e-03,  3.7343e-03, -1.6068e-02, -2.5778e-02,  1.2228e-02],
          [-1.2553e-02,  1.8756e-03, -2.0056e-02, -1.3924e-02,  8.7027e-03],
          [-8.9273e-03, -6.2433e-03,  1.8879e-03,  2.9745e-02,  1.5404e-03],
          [-5.8502e-05, -1.0298e-02,  1.3419e-02,  2.4489e-02, -5.9258e-03]],

         [[ 2.6868e-02,  2.3733e-02, -3.4331e-02, -2.5753e-02, -1.5361e-02],
          [-1.1321e-02,  6.8933e-03, -2.2067e-02,  1.3325e-02,  9.6636e-03],
          [-1.1506e-02,  1.6690e-02, -2.8917e-02,  2.5250e-02,  4.9196e-02],
          [-1.7956e-02, -3.0873e-02, -1.0880e-02,  1.2222e-02, -1.0403e-02],
          [ 1.2193e-02,  1.4544e-02, -2.8986e-02,  4.4333e-02,  2.8732e-02]],

         ...,

         [[ 2.1978e-02, -3.2942e-03, -6.5977e-03,  2.1878e-02, -1.0225e-02],
          [-1.2003e-02, -3.5668e-02, -4.2653e-02,  1.5072e-02, -7.2825e-03],
          [-1.1289e-02,  3.8933e-03, -4.0963e-02,  2.0607e-02,  1.7460e-02],
          [ 4.1305e-03,  2.3442e-03, -3.1900e-02,  7.0643e-03,  4.7813e-02],
          [ 9.0614e-03,  1.4178e-02,  1.9872e-02,  3.8037e-02, -1.8657e-02]],

         [[-2.3361e-02,  3.8976e-02,  1.9959e-02,  2.1872e-02, -3.2823e-02],
          [-1.2895e-02,  2.6839e-02,  5.0792e-03,  3.4702e-03,  2.1079e-02],
          [ 9.9041e-03,  3.4196e-02,  2.9568e-02,  1.0566e-04, -1.4403e-02],
          [-2.8583e-02,  2.2498e-02,  2.1741e-02, -3.1229e-02,  1.6853e-02],
          [-7.0139e-03, -4.3128e-03,  9.9733e-03, -9.5992e-03, -6.8309e-03]],

         [[ 1.3739e-02,  2.2143e-02, -9.2616e-04, -9.3464e-03,  1.1714e-02],
          [ 3.0839e-02,  2.9609e-02, -1.5286e-02, -1.5773e-02, -2.8085e-02],
          [ 2.4338e-02, -4.9729e-03, -4.3683e-03,  3.5468e-02, -7.0604e-03],
          [-2.0520e-02,  1.4082e-02, -1.9251e-02,  1.3053e-03, -1.9561e-02],
          [ 9.2983e-03, -3.5869e-02, -2.9551e-02,  9.3926e-03,  2.7170e-02]]],


        [[[ 2.9522e-02, -2.8319e-03, -2.7556e-02,  2.3093e-02, -1.4651e-02],
          [ 3.0534e-02, -3.1794e-02, -2.8296e-02,  6.2812e-03, -2.2362e-02],
          [ 2.7117e-03, -1.9587e-02, -8.1797e-03,  3.4322e-03,  1.5677e-02],
          [ 3.3834e-02,  2.4530e-02,  2.0865e-02,  7.3269e-03, -1.9023e-02],
          [ 1.7065e-02,  1.0190e-02, -3.5683e-02,  1.3721e-02,  3.3993e-02]],

         [[ 2.9108e-02,  3.2210e-02,  2.6836e-03,  1.9943e-02,  1.0045e-02],
          [-1.0222e-02, -2.5581e-02,  2.6991e-02, -1.8205e-02,  2.6401e-02],
          [ 1.7802e-02, -3.2500e-02,  2.9753e-02,  5.0294e-03,  1.0805e-02],
          [ 2.7637e-02,  2.4837e-02, -2.3133e-03,  2.9053e-03,  8.4313e-03],
          [-1.2011e-02, -1.6668e-02, -1.0322e-04,  3.3918e-03, -1.3807e-02]],

         [[-9.2558e-04, -3.1697e-02,  2.6681e-02, -1.6665e-02, -2.1923e-02],
          [-2.0116e-02, -2.5853e-02, -5.2688e-03,  1.8779e-02,  2.8002e-02],
          [ 1.5507e-02,  1.0242e-02, -4.3425e-07, -2.1695e-02, -2.0796e-02],
          [ 1.4800e-02, -1.8304e-02, -3.1633e-02, -6.7328e-03,  3.4251e-02],
          [ 9.6137e-03, -1.5062e-02,  1.8265e-02,  2.4878e-02,  1.3705e-02]],

         ...,

         [[ 3.2090e-02, -3.6824e-02, -4.6021e-03,  2.7774e-02, -3.3641e-02],
          [-2.8644e-02,  1.1806e-02, -3.0062e-02,  2.4783e-02, -2.8054e-02],
          [-8.1827e-03, -2.3639e-02,  1.1128e-02,  2.6852e-02,  2.0091e-02],
          [ 2.4325e-02,  2.6441e-03, -2.5423e-02,  1.7912e-02,  4.0790e-02],
          [ 3.4108e-03,  2.5297e-03, -2.8283e-02, -1.0167e-02, -1.2894e-03]],

         [[-3.2617e-02, -8.7743e-04, -1.7123e-02, -3.3045e-02, -1.0844e-02],
          [ 1.4987e-02,  2.7885e-02, -3.0539e-02, -1.8705e-02,  2.8299e-02],
          [ 1.8949e-03, -2.7085e-02,  2.6941e-02,  6.3391e-03,  5.3283e-03],
          [ 1.3062e-02, -3.1209e-02, -4.4011e-03,  9.4402e-03, -1.9909e-02],
          [-5.1065e-03,  2.3746e-02, -3.4808e-03, -8.7949e-03, -1.6375e-02]],

         [[-1.0707e-02,  1.8425e-02, -3.5742e-02,  2.4571e-02, -2.2387e-02],
          [-8.7729e-03, -1.2910e-02,  1.2565e-02,  3.1775e-02,  5.7101e-03],
          [ 5.2411e-03, -1.0506e-02, -1.7958e-02, -3.4163e-02, -2.4244e-02],
          [ 6.4287e-03, -3.5584e-02, -3.3699e-02, -2.5041e-02, -3.2863e-02],
          [-1.7985e-02, -2.1498e-02,  2.2209e-02, -1.3474e-02, -9.4479e-03]]],


        ...,


        [[[-9.9640e-03,  2.9644e-02,  1.4727e-02,  2.0765e-02,  6.7143e-05],
          [ 1.2394e-02, -1.9198e-02, -8.6734e-03, -1.7154e-02, -2.5408e-02],
          [ 1.8423e-02,  2.9972e-02, -1.2401e-02,  4.4504e-03,  1.5310e-02],
          [ 1.5559e-02,  2.2778e-02, -3.1658e-02,  2.5731e-02,  2.5694e-02],
          [-2.6888e-02, -2.1843e-02, -1.6987e-02,  1.9297e-02,  2.0206e-02]],

         [[ 2.6656e-02,  3.2235e-02,  7.4517e-03,  3.3682e-02, -1.5872e-02],
          [-1.7469e-02, -2.2993e-02, -1.5661e-02,  1.9365e-02, -2.3911e-02],
          [-2.2417e-02, -1.2749e-02,  1.2804e-02,  7.6563e-03, -1.0070e-02],
          [-1.8163e-02, -2.3258e-03,  1.4897e-03, -3.8673e-03, -3.4985e-02],
          [ 7.9558e-03,  2.4634e-02, -2.4024e-02,  2.5131e-02,  1.6796e-02]],

         [[-1.7390e-02, -4.4659e-02,  1.2222e-02, -3.0003e-02, -1.8664e-02],
          [-2.2508e-02, -2.7813e-02, -2.3088e-02, -4.0118e-02, -3.8748e-02],
          [ 3.1463e-03, -6.9875e-04, -2.0412e-02,  1.7046e-02, -1.7003e-02],
          [ 5.6776e-02,  6.1608e-02,  4.2208e-02, -2.0418e-02,  1.6233e-02],
          [ 5.4601e-02, -7.1631e-03, -2.8920e-03, -2.7912e-02, -1.2882e-02]],

         ...,

         [[ 1.5044e-02,  2.2866e-02, -4.8218e-03, -2.6714e-02, -1.8702e-02],
          [-1.8902e-02,  2.5238e-02, -2.5547e-02,  4.5523e-03, -4.0679e-02],
          [ 4.4389e-03,  3.0308e-02, -2.7192e-02,  3.9272e-03, -4.1679e-02],
          [ 5.9528e-02, -8.4706e-06,  3.5672e-02,  4.5863e-03, -1.4537e-02],
          [ 6.8502e-02, -7.2211e-04,  1.6738e-02, -2.7151e-02,  3.7140e-02]],

         [[-4.6096e-03,  1.9407e-02, -1.5933e-02, -1.9984e-02,  3.7758e-02],
          [ 2.1770e-02, -2.7949e-02, -7.8521e-03,  6.4590e-03, -3.0712e-03],
          [ 3.5750e-02, -4.5972e-03, -7.6173e-04,  4.7603e-02,  3.1486e-02],
          [-3.3553e-02,  7.1799e-03,  4.0508e-02,  3.5027e-02, -4.1453e-02],
          [ 4.3840e-03, -2.0626e-02,  3.1368e-03, -1.1210e-02, -1.6956e-02]],

         [[-2.4307e-03,  2.0229e-03, -1.0794e-02, -2.6055e-04,  2.8009e-02],
          [-1.4991e-02, -1.9774e-02,  4.0789e-03,  1.5331e-02,  2.1705e-02],
          [ 2.3706e-02, -2.7362e-02, -1.5911e-02,  1.7252e-03,  1.0085e-02],
          [-2.5511e-02, -1.4587e-02,  3.1292e-02,  3.9386e-02,  5.2310e-03],
          [-2.8300e-03, -1.0808e-02, -1.6860e-02, -6.1636e-03,  7.3874e-03]]],


        [[[-5.0745e-03,  4.0653e-03,  1.0748e-02,  2.4377e-02,  3.1585e-02],
          [-2.1555e-02,  1.4319e-02,  3.2489e-02,  6.4556e-03, -7.5335e-04],
          [ 7.9015e-04, -1.6439e-03, -2.4760e-02, -1.5157e-02,  6.3035e-03],
          [ 5.1133e-03, -1.3537e-02, -2.7914e-02, -2.7736e-02,  3.1102e-02],
          [-1.6951e-02, -3.9604e-02,  1.3154e-02, -1.0921e-02, -3.0026e-02]],

         [[-1.0551e-02, -1.1797e-02, -7.4253e-03,  1.8644e-02,  1.0944e-02],
          [-1.8750e-03, -3.3603e-02,  5.4782e-03, -1.7735e-02, -1.8143e-02],
          [-4.0767e-03,  2.2149e-02, -2.2527e-02,  2.6394e-02,  1.7116e-02],
          [-9.1759e-03,  2.3184e-02,  1.6387e-02,  4.7663e-03,  9.4373e-04],
          [ 2.0219e-02, -1.6702e-02,  2.9701e-02, -1.0180e-02,  6.5946e-03]],

         [[ 6.3979e-02, -2.6121e-04, -2.9642e-02,  1.4361e-02,  4.5861e-02],
          [ 4.0354e-02, -3.9550e-02, -4.6559e-02, -1.0212e-02,  1.8841e-03],
          [-2.7557e-02, -5.6942e-02,  9.4070e-03,  3.9283e-02, -1.1888e-02],
          [-6.3320e-02, -6.4667e-02, -5.2735e-03,  1.3191e-02, -3.1578e-02],
          [-1.4073e-02,  6.5756e-03,  3.3066e-02,  4.7356e-02, -2.8428e-03]],

         ...,

         [[ 3.4891e-02, -2.9329e-03,  5.1202e-03, -2.3135e-02,  3.6674e-02],
          [ 3.0363e-02, -4.9991e-02, -2.0359e-02,  4.1621e-02,  4.2562e-02],
          [-6.3017e-03, -7.0214e-02, -7.0393e-03,  3.3774e-02,  1.3106e-02],
          [-3.8454e-02, -6.0524e-02,  8.1332e-04,  3.1019e-02,  3.1371e-02],
          [-2.6991e-02, -5.1353e-02,  4.7403e-02, -3.7051e-03,  1.6022e-02]],

         [[-2.1694e-02, -4.3243e-03, -4.5564e-03,  9.7691e-03, -3.7152e-02],
          [ 1.6387e-02,  1.1058e-03,  7.3281e-03,  5.2094e-03,  1.0199e-02],
          [ 4.8095e-02,  1.4858e-02, -1.1656e-02, -2.5081e-02, -2.2767e-02],
          [ 3.1552e-02,  7.5743e-03,  2.3042e-02, -9.9909e-03,  2.7459e-02],
          [-1.2920e-03, -2.8418e-02, -2.7641e-02,  1.4234e-02,  1.3530e-02]],

         [[-5.6639e-04,  1.3770e-03, -2.4888e-02, -4.0017e-02, -3.6079e-02],
          [-2.8954e-02, -2.3524e-02, -1.2423e-02, -5.5349e-03,  8.0887e-03],
          [ 1.0894e-02,  7.2327e-03,  3.2346e-02, -4.0631e-02, -5.5886e-04],
          [-9.2190e-03, -3.1029e-02,  7.3964e-04, -1.2014e-02,  1.4901e-02],
          [-1.6960e-02,  5.0839e-03, -4.0780e-02,  1.5671e-02,  5.8785e-03]]],


        [[[-8.3128e-03, -3.9773e-03, -3.3964e-02, -5.4769e-03,  2.5832e-02],
          [-3.1505e-02,  7.9049e-03, -2.8694e-02, -2.0382e-02, -2.3538e-02],
          [-1.1692e-02, -3.8022e-02, -2.1949e-02, -2.7867e-02, -3.4401e-02],
          [ 2.9798e-02,  1.2567e-02, -3.3063e-02,  1.5883e-02, -1.2050e-02],
          [ 2.6899e-02, -2.2105e-02,  3.2139e-02,  2.4267e-02,  3.4491e-02]],

         [[ 3.6274e-02,  1.8666e-02, -1.6136e-03, -2.3249e-02, -2.7708e-02],
          [ 7.7917e-03,  1.9831e-02,  1.8742e-02,  9.2141e-03, -6.6412e-03],
          [-7.3757e-03,  4.6935e-03, -1.8076e-03, -2.1349e-02,  2.9305e-02],
          [-5.3221e-03,  9.8404e-03,  3.6059e-02, -1.9475e-02, -3.7443e-02],
          [-3.3773e-02, -3.6237e-03,  2.6455e-02,  7.1552e-03,  1.6607e-02]],

         [[ 2.8869e-02,  3.0207e-02,  1.0409e-04,  1.7300e-02,  5.8567e-03],
          [-1.7195e-02,  2.8418e-02, -1.4599e-02,  1.9226e-04,  1.6085e-02],
          [ 8.8953e-03,  3.3442e-02,  7.2537e-03, -2.5686e-02,  3.3549e-02],
          [-1.7464e-02,  4.3314e-03,  1.7864e-02,  2.2131e-02, -5.3123e-03],
          [-4.9737e-04,  1.2881e-03, -1.3967e-03,  1.9431e-03, -3.5487e-02]],

         ...,

         [[ 1.5482e-02,  1.7732e-02, -9.7756e-03, -3.1618e-02,  2.4423e-02],
          [ 1.2031e-02,  3.8610e-02, -1.4193e-02,  3.2766e-02, -2.7125e-03],
          [ 2.5527e-02,  1.1371e-03,  1.5621e-02, -8.4068e-03, -1.8300e-02],
          [-1.9606e-02,  1.9873e-02, -3.8800e-02, -1.7573e-02,  1.5285e-02],
          [-1.5139e-02,  3.2858e-02,  2.0616e-02, -2.8046e-02, -2.5576e-02]],

         [[-8.1596e-03,  2.8086e-02, -1.3132e-02,  2.7044e-02, -1.0304e-02],
          [ 2.7838e-03, -8.9991e-03, -3.3156e-02,  2.4024e-02, -2.3737e-02],
          [-1.3136e-02, -1.3846e-02, -3.7192e-02,  2.7767e-02,  1.4035e-02],
          [-4.4954e-03, -1.9113e-02, -1.1479e-02,  1.2694e-02, -2.0955e-02],
          [ 2.4508e-03, -2.6565e-02,  5.3009e-03,  1.4162e-02, -2.2635e-03]],

         [[-3.0427e-02,  4.5458e-03, -6.3192e-03, -3.2257e-02,  1.5045e-02],
          [-4.8344e-04,  1.3372e-02,  1.9070e-02,  1.2559e-02, -2.2689e-02],
          [-1.5501e-02, -5.2035e-03,  2.7314e-02, -3.2977e-02,  4.0954e-03],
          [ 3.5174e-02, -2.2080e-02, -1.8817e-02,  1.1851e-02,  2.9707e-02],
          [-3.2390e-02, -8.6931e-03,  3.4944e-02, -2.7221e-02,  1.3062e-02]]]],
       device='mps:0')
cnn_model.3.bias: tensor([-2.2186e-02, -8.0285e-04,  2.5360e-02,  2.6560e-02,  1.2672e-02,
        -1.4875e-02, -1.2204e-02,  2.2566e-02, -1.7098e-02,  7.9243e-04,
         2.0968e-02,  1.1669e-02,  3.3959e-02,  5.2082e-03, -3.1424e-02,
        -1.3568e-03,  1.2364e-02,  5.1653e-02, -3.2070e-02,  9.3806e-03,
         1.9627e-02,  5.0648e-02,  4.6191e-03,  2.3305e-03,  1.6109e-02,
        -5.4913e-03,  1.4241e-02, -3.7957e-02,  6.0498e-02, -1.5732e-02,
         2.3859e-02,  4.8257e-02,  1.7538e-02, -2.0255e-02, -1.0435e-02,
         3.7352e-02, -3.5870e-04, -2.1461e-02,  1.6891e-03, -5.2790e-03,
         3.7737e-02,  1.9954e-02,  3.3751e-02, -2.4120e-03, -1.3161e-02,
        -3.1565e-02,  4.4749e-02, -2.0104e-03,  2.3670e-02, -1.1463e-02,
        -9.4540e-03,  3.3397e-02,  1.5457e-02,  6.3197e-05, -1.5723e-03,
         3.3980e-02,  1.5865e-02, -3.4689e-02,  2.0348e-02, -1.5742e-02,
        -1.3494e-02,  3.5500e-02,  6.3981e-03, -2.9978e-02], device='mps:0')
cnn_model.7.weight: tensor([[-0.0145,  0.0153,  0.0030,  ...,  0.0047,  0.0134,  0.0169],
        [ 0.0097,  0.0086, -0.0147,  ...,  0.0167,  0.0048, -0.0069],
        [ 0.0024,  0.0139,  0.0094,  ...,  0.0087,  0.0122,  0.0172],
        ...,
        [ 0.0069,  0.0080, -0.0165,  ...,  0.0030, -0.0153,  0.0175],
        [ 0.0003, -0.0154, -0.0162,  ...,  0.0024,  0.0059,  0.0047],
        [ 0.0049, -0.0020, -0.0100,  ...,  0.0160, -0.0042,  0.0136]],
       device='mps:0')
cnn_model.7.bias: tensor([ 1.4742e-03,  1.2380e-02, -5.8211e-03,  1.2104e-02,  2.5714e-04,
         1.5738e-02,  1.5314e-02,  1.3771e-03,  1.7792e-02,  7.0353e-03,
         1.1593e-02, -1.0596e-02, -2.1637e-03,  1.2001e-04,  6.0484e-03,
        -5.4138e-03, -5.1442e-03,  1.4484e-02, -1.7140e-02,  7.3299e-03,
        -1.5574e-02,  1.6935e-02,  4.3530e-03,  1.4018e-02, -2.9838e-03,
        -5.1195e-04, -7.3680e-03, -7.6553e-03,  1.8665e-02, -2.0222e-02,
         1.9048e-02,  3.5720e-03, -1.3257e-02,  6.8611e-03, -1.0410e-02,
         7.1790e-03, -1.0327e-02,  3.1625e-03, -1.0276e-02,  1.2945e-02,
         7.4839e-03, -2.6256e-03, -9.4858e-03,  8.7305e-03,  3.6686e-03,
         1.3161e-02, -6.2394e-03, -3.8543e-03,  6.2989e-03, -6.9123e-04,
         1.7241e-02, -1.0164e-02, -3.2543e-03, -2.5618e-02, -1.4605e-02,
         2.3033e-02, -2.6113e-02, -8.9865e-03, -8.5011e-03, -9.9286e-03,
         4.7533e-04, -1.8676e-02,  7.9158e-03, -1.2180e-02, -1.0172e-02,
         1.7175e-02, -2.9767e-02, -2.7342e-03,  2.8352e-02,  7.7017e-03,
        -1.4448e-02,  2.1528e-03, -4.9951e-03,  2.6071e-03, -1.4118e-02,
        -1.2173e-02,  1.6330e-02, -1.1844e-02, -1.5609e-02,  8.5959e-03,
         2.6835e-02, -2.5242e-03,  6.6280e-04, -1.3760e-02, -8.6870e-03,
         7.7683e-03,  1.1524e-03,  1.2396e-02, -9.4838e-03,  1.5924e-02,
        -1.5699e-02,  9.5579e-03, -3.6149e-03, -2.3820e-02,  2.8311e-02,
        -7.4554e-04, -5.4033e-03,  8.6854e-03,  7.4312e-03,  7.7852e-03,
         1.7238e-02,  1.9804e-03,  4.9088e-03, -1.2556e-02, -7.5622e-03,
        -2.3435e-02, -2.0150e-02,  1.2725e-02,  1.0864e-02, -1.8631e-02,
         1.8173e-02,  1.2923e-02,  7.3249e-03,  1.0401e-02,  1.4011e-02,
         1.7029e-02,  1.1373e-03, -2.0018e-03, -3.5493e-03,  1.1857e-02,
         7.8615e-03, -1.0986e-02,  2.3493e-02, -6.1225e-03, -1.5075e-02,
         1.3383e-02, -9.5179e-03,  2.5096e-03,  4.4985e-03,  1.4263e-02,
         1.0040e-02,  1.1260e-03, -4.5157e-03, -6.6672e-03, -1.2619e-02,
         9.8949e-04, -3.4158e-03,  5.3920e-04, -1.8830e-02, -3.7833e-04,
        -1.0604e-02,  1.3067e-02,  5.8334e-03,  1.6699e-02,  8.0077e-03,
         1.3697e-02,  1.6256e-02,  7.8376e-03, -6.2697e-03, -4.9320e-03,
        -1.4687e-02, -1.4045e-02,  6.2814e-03,  3.5553e-03,  1.0115e-02,
         5.4950e-03, -1.3008e-02,  9.7713e-03, -2.2193e-02,  8.5536e-03,
        -1.3911e-02,  9.8539e-03, -1.0178e-02, -2.0260e-02, -5.4101e-03,
        -9.5526e-03, -1.6822e-02,  1.2092e-02, -7.5212e-03, -6.8863e-03,
         2.7778e-03, -1.0452e-02,  1.6077e-02, -3.1458e-02, -1.0398e-02,
         5.5765e-03,  1.5270e-02,  1.0806e-02,  1.1931e-02,  1.9551e-02,
        -7.8358e-03,  2.6958e-02, -1.0218e-02, -1.0390e-02,  2.4373e-02,
        -1.0627e-02,  2.2741e-03,  8.9055e-03,  2.0112e-02,  1.4813e-02,
         1.6730e-02,  9.5344e-03,  4.5125e-03, -1.4078e-02, -1.8371e-03,
         2.1056e-02,  3.8520e-03, -2.7060e-03, -8.2742e-03, -9.8034e-03,
        -7.2753e-03,  2.3884e-03,  7.2135e-03, -8.2390e-03, -7.1288e-03,
         5.1347e-03, -1.0817e-02,  1.3760e-03, -8.1833e-03,  2.0179e-02,
        -1.8442e-02,  1.0258e-02, -9.8727e-03,  1.1465e-02, -1.7397e-02,
        -4.6836e-03, -1.4386e-02, -2.2319e-02,  7.9158e-03,  1.3636e-02,
         1.8720e-02,  3.7495e-03,  2.0454e-02, -9.8038e-03, -1.1434e-02,
        -7.6857e-03,  1.2255e-03,  6.1515e-03,  2.7967e-02,  2.7314e-02,
        -1.4041e-02, -1.2647e-02, -1.5899e-02, -6.4306e-03,  5.7176e-03,
         1.1060e-02,  1.6651e-02,  2.9938e-03, -6.2745e-03,  1.2791e-02,
         1.3883e-02, -4.8718e-03, -1.3822e-02,  8.8077e-03,  8.7916e-03,
         8.8882e-03,  4.2519e-03,  1.6900e-03, -1.6779e-03, -7.3525e-03,
         7.7775e-03, -1.0698e-02, -1.5846e-02, -1.7871e-02,  2.0315e-02,
         7.0182e-03, -1.6338e-03, -5.7860e-03, -2.3773e-02, -1.3761e-02,
         2.9409e-03,  6.9213e-03, -4.1086e-03,  1.8629e-02,  6.2652e-03,
         1.4164e-03,  9.5927e-04,  8.5205e-03, -6.2489e-03,  8.3103e-03,
        -1.0544e-02,  4.4236e-03, -1.0177e-03, -8.3998e-03,  4.8484e-03,
         1.1343e-03,  1.2951e-02,  5.5107e-03, -7.8250e-03,  1.7749e-02,
         1.2535e-02, -1.3020e-02,  6.2604e-03,  1.0774e-02,  1.6247e-03,
         2.7710e-03,  9.4506e-03,  1.1067e-03, -9.4738e-03, -8.3013e-03,
        -1.4920e-02, -5.9521e-04, -8.6515e-03, -6.3849e-03, -1.1517e-02,
        -1.4243e-02,  5.0472e-03,  9.8662e-03, -1.0479e-02,  6.8685e-03,
        -1.4173e-03, -5.3983e-03, -4.2674e-03,  2.2075e-03,  7.5678e-03,
        -1.0710e-02, -7.3559e-03,  6.4640e-03,  5.4329e-03,  2.6106e-02,
         1.0715e-02,  7.5598e-03,  1.3683e-02,  1.4621e-03,  9.2516e-03,
         9.3446e-03, -7.9050e-03,  9.2026e-03, -2.3771e-02, -5.6987e-03,
         2.8621e-03,  1.1907e-02,  4.8682e-03,  1.4202e-02,  4.3310e-03,
         1.0645e-02, -1.4826e-02, -4.6134e-03,  1.4976e-02,  1.0910e-02,
         1.1689e-02,  1.6720e-02, -1.0537e-02,  6.7262e-03, -5.3499e-03,
         1.9595e-02,  6.5502e-03, -7.1272e-03, -1.0140e-02, -1.7861e-02,
        -3.9733e-03, -5.1207e-04,  3.3693e-03, -2.1496e-02,  2.5260e-02,
        -4.9098e-03,  1.7460e-02,  1.7002e-02,  1.6835e-02,  9.1962e-03,
         2.4409e-03, -4.6744e-03,  9.7545e-03, -1.6448e-02,  2.1639e-02,
        -1.1958e-02,  7.2074e-03,  4.9767e-03, -3.1118e-03,  1.0853e-02,
        -2.0143e-02,  1.5447e-02, -3.2053e-03, -2.9818e-02,  8.7810e-03,
         8.4285e-03,  1.7745e-02, -1.8680e-02, -9.4838e-03, -9.6985e-03,
        -1.4957e-02,  2.0172e-03,  1.2821e-02, -4.8188e-03, -1.9504e-02,
        -2.6857e-02, -2.0375e-02,  6.3355e-03,  1.5676e-02, -1.9400e-02,
         5.5166e-03, -2.0716e-02, -6.6570e-03, -1.3146e-02, -2.0016e-02,
        -7.0501e-03,  6.9326e-03,  7.6766e-05, -5.3051e-03, -8.4462e-03,
         1.5838e-02,  1.3685e-02,  9.7633e-03, -6.3315e-03,  1.4340e-02,
        -1.8219e-02,  1.2243e-02, -2.9209e-02, -1.3147e-04, -9.2280e-03,
        -1.2011e-02,  1.2969e-02, -1.5974e-02, -1.5321e-02,  2.0603e-03,
         2.8961e-03,  4.0879e-03, -8.6132e-03, -2.3984e-03,  1.8663e-02,
        -1.6505e-02, -1.9577e-02,  8.7119e-03,  8.8294e-03, -1.2620e-02,
        -1.5815e-02,  8.4182e-03, -1.6748e-02,  7.1192e-03, -8.6134e-03,
        -2.2807e-02, -4.6069e-03,  1.2048e-02, -1.2950e-03,  1.9886e-02,
         3.5672e-03, -1.4725e-02,  7.1760e-03,  4.2236e-04, -1.3528e-02,
         1.0913e-02,  3.0243e-02,  1.6642e-02, -2.4319e-03, -1.0917e-02,
         2.9670e-03, -1.8934e-02,  2.6461e-02,  7.3975e-03, -1.9267e-02,
        -8.1476e-03, -1.3703e-02, -2.0643e-02,  6.2033e-03,  2.0505e-02,
        -3.1974e-04, -1.6393e-02, -6.5557e-03, -8.6024e-03,  5.8294e-03,
        -2.0894e-02, -1.8054e-02, -2.0737e-02, -1.3208e-02,  8.9955e-03,
        -1.3308e-02,  4.4890e-03,  7.4022e-03, -2.2034e-02, -4.2567e-03,
         7.8224e-03,  1.3881e-02,  1.2440e-02, -9.4639e-03,  3.4751e-04,
        -5.6038e-03,  1.7669e-02,  1.9210e-02, -3.7176e-03, -1.9346e-02,
         1.3334e-03, -9.6735e-03,  4.2435e-03, -1.8155e-02,  2.3435e-02,
         2.8766e-03,  1.8393e-02, -1.1799e-02,  1.1720e-02, -1.9156e-03,
        -3.7889e-03,  7.0084e-03,  6.2989e-04, -1.1051e-03,  5.2990e-03,
        -6.9741e-03, -9.6583e-03, -2.5769e-03, -9.3607e-04, -2.3679e-02,
         1.5643e-03,  2.2267e-02,  1.8599e-02, -2.2656e-02, -1.4220e-02,
         1.3143e-02, -1.3789e-02, -9.3978e-03,  1.7420e-02, -1.0869e-02,
         1.0358e-02, -8.1050e-03, -9.1061e-03, -1.3714e-02, -1.1564e-02,
         2.6227e-02, -1.4826e-02, -6.4665e-04, -6.0042e-03,  1.3691e-02,
         1.7603e-03,  9.4461e-03], device='mps:0')
cnn_model.8.weight: tensor([[ 2.6885e-02, -1.7340e-02, -1.1641e-02,  ..., -4.0920e-02,
         -2.0513e-02, -6.8878e-03],
        [ 3.3505e-02,  1.1128e-02,  2.6930e-02,  ..., -4.2743e-02,
         -1.0449e-02,  3.4689e-02],
        [-4.0160e-02, -5.0366e-03, -2.9611e-02,  ...,  4.5831e-03,
         -1.8878e-02,  1.0839e-02],
        ...,
        [ 2.2639e-02,  4.1575e-02, -5.2108e-02,  ...,  6.1167e-02,
          8.7817e-03, -3.4312e-02],
        [-6.1858e-03,  4.2701e-02,  2.5936e-02,  ..., -3.1124e-05,
         -2.5463e-02,  2.0756e-02],
        [-3.4895e-02, -2.0873e-02, -9.1150e-04,  ..., -8.7901e-03,
          2.0446e-02,  2.9497e-02]], device='mps:0')
cnn_model.8.bias: tensor([-0.0061, -0.0453,  0.0137,  0.1660,  0.0016, -0.0450,  0.0133,  0.2311,
         0.0094,  0.0170], device='mps:0')
